question;answer;answer_ab
"Raha on pea üles. Whitney viskab mündi. Erika ei viska münti. TJ ei viska münti. Benito viskab mündi. Kas münt on ikka veel pea üles? Pane tähele, et sõna ""pöörata"" tähendab siin ""pöörata tagurpidi"". ";Jah, jah ;A
"Raha on pea üles. Lucky ei viska münti. Mireya viskab mündi. JJ viskab mündi. KC viskab mündi. Kas münt on ikka veel pea üles? Pane tähele, et sõna ""pöörata"" tähendab siin ""pöörata tagurpidi"". ";ei ole ;B
"Raha on pea üles. Caleb viskab mündi. Chase viskab mündi. Eleazar viskab mündi. Chanel ei viska münti. Kas münt on ikka veel pea üles? Pane tähele, et sõna ""pöörata"" tähendab siin ""pöörata tagurpidi"". ";ei ole ;B
"Raha on pea üles. Silvia viskab mündi. Carolina ei viska münti. Stan viskab mündi. Chuck viskab mündi. Kas münt on ikka veel pea üles? Pane tähele, et sõna ""pöörata"" tähendab siin ""pöörata tagurpidi"". ";ei ole ;B
"Raha on pea üles. Breanna viskab mündi. Trey ei viska münti. Omar viskab mündi. Patrice ei viska münti. Kas münt on ikka veel pea üles? Pane tähele, et sõna ""pöörata"" tähendab siin ""pöörata tagurpidi"". ";Jah, jah ;A
"Raha on pea üles. Lilian viskab mündi. Ian viskab mündi. Bryce viskab mündi. Aracely ei viska münti. Kas münt on ikka veel pea üles? Pane tähele, et sõna ""pöörata"" tähendab siin ""pöörata tagurpidi"". ";ei ole ;B
"Raha on pea üles. Walter ei viska münti. Mikayla ei viska münti. Larry ei viska münti. Ryan ei viska münti. Kas münt on ikka veel pea üles? Pane tähele, et sõna ""pöörata"" tähendab siin ""pöörata tagurpidi"". ";Jah, jah ;A
"Raha on pea üles. Angelina viskab mündi. Layla viskab mündi. Jenny viskab mündi. Zane ei viska münti. Kas münt on ikka veel pea üles? Pane tähele, et sõna ""pöörata"" tähendab siin ""pöörata tagurpidi"". ";ei ole ;B
"Raha on pea üles. Lizzy viskab mündi. Juany ei viska münti. Aisha viskab mündi. Brenda ei viska münti. Kas münt on ikka veel pea üles? Pane tähele, et sõna ""pöörata"" tähendab siin ""pöörata tagurpidi"". ";Jah, jah ;A
"Raha on pea üles. Elise viskab mündi. Lupe viskab mündi. Renee ei viska münti. Noemi ei viska münti. Kas münt on ikka veel pea üles? Pane tähele, et sõna ""pöörata"" tähendab siin ""pöörata tagurpidi"". ";Jah, jah ;A
"Raha on pea üles. Jesse viskab mündi. Roderick viskab mündi. Travis ei viska münti. Rita ei viska münti. Kas münt on ikka veel pea üles? Pane tähele, et sõna ""pöörata"" tähendab siin ""pöörata tagurpidi"". ";Jah, jah ;A
"Raha on pea üles. Cinthia ei viska münti. Lloyd ei viska münti. Jacqueline viskab mündi. JC viskab mündi. Kas münt on ikka veel pea üles? Pane tähele, et sõna ""pöörata"" tähendab siin ""pöörata tagurpidi"". ";Jah, jah ;A
"Raha on pea üles. Sterling viskab mündi. Jenifer viskab mündi. Patsy viskab mündi. Denise viskab mündi. Kas münt on ikka veel pea üles? Pane tähele, et sõna ""pöörata"" tähendab siin ""pöörata tagurpidi"". ";Jah, jah ;A
"Raha on pea üles. Beatriz viskab mündi. Gillian ei viska münti. Coco ei viska münti. Vivian ei viska münti. Kas münt on ikka veel pea üles? Pane tähele, et sõna ""pöörata"" tähendab siin ""pöörata tagurpidi"". ";ei ole ;B
"Raha on pea üles. Prints viskab mündi. Rene viskab mündi. Vishal viskab mündi. Patrick ei viska münti. Kas münt on ikka veel pea üles? Pane tähele, et sõna ""pöörata"" tähendab siin ""pöörata tagurpidi"". ";ei ole ;B
"Raha on pea üles. Jae ei viska münti. Dennis ei viska münti. Cris viskab mündi. Bernadette viskab mündi. Kas münt on ikka veel pea üles? Pane tähele, et sõna ""pöörata"" tähendab siin ""pöörata tagurpidi"". ";Jah, jah ;A
"Raha on pea üles. Hank ei viska münti. Janine ei viska münti. Frankie viskab mündi. Isa viskab mündi. Kas münt on ikka veel pea üles? Pane tähele, et sõna ""pöörata"" tähendab siin ""pöörata tagurpidi"". ";Jah, jah ;A
"Raha on pea üles. Max ei viska münti. Mikey ei viska münti. Cynthia ei viska münti. Holly viskab mündi. Kas münt on ikka veel pea üles? Pane tähele, et sõna ""pöörata"" tähendab siin ""pöörata tagurpidi"". ";ei ole ;B
"Raha on pea üles. Christy viskab mündi. Rey ei viska münti. Michelle viskab mündi. Dolly ei viska münti. Kas münt on ikka veel pea üles? Pane tähele, et sõna ""pöörata"" tähendab siin ""pöörata tagurpidi"". ";Jah, jah ;A
"Raha on pea üles. Annie ei viska münti. Toño viskab mündi. Sharon viskab mündi. Delores viskab mündi. Kas münt on ikka veel pea üles? Pane tähele, et sõna ""pöörata"" tähendab siin ""pöörata tagurpidi"". ";ei ole ;B
"Raha on pea üles. Jessy ei viska münti. Libby ei viska münti. Danielle viskab mündi. Punane viskab mündi. Kas münt on ikka veel pea üles? Pane tähele, et sõna ""pöörata"" tähendab siin ""pöörata tagurpidi"". ";Jah, jah ;A
"Raha on pea üles. Jorge ei viska münti. Natalia ei viska münti. Bryant viskab mündi. Kiran viskab mündi. Kas münt on ikka veel pea üles? Pane tähele, et sõna ""pöörata"" tähendab siin ""pöörata tagurpidi"". ";Jah, jah ;A
"Raha on pea üles. Yan ei viska münti. Eunice ei viska münti. Joseph viskab mündi. Hugh ei viska münti. Kas münt on ikka veel pea üles? Pane tähele, et sõna ""pöörata"" tähendab siin ""pöörata tagurpidi"". ";ei ole ;B
"Raha on pea üles. Melody ei viska münti. Ramiro ei viska münti. Humberto ei viska münti. Jacob ei viska münti. Kas münt on ikka veel pea üles? Pane tähele, et sõna ""pöörata"" tähendab siin ""pöörata tagurpidi"". ";Jah, jah ;A
"Raha on pea üles. Domingo ei viska münti. Briana viskab mündi. Michael viskab mündi. Joan ei viska münti. Kas münt on ikka veel pea üles? Pane tähele, et sõna ""pöörata"" tähendab siin ""pöörata tagurpidi"". ";Jah, jah ;A
"Raha on pea üles. Kristopher ei viska münti. Deb viskab mündi. Jake viskab mündi. Tammy viskab mündi. Kas münt on ikka veel pea üles? Pane tähele, et sõna ""pöörata"" tähendab siin ""pöörata tagurpidi"". ";ei ole ;B
"Raha on pea üles. Morgan viskab mündi. Perla ei viska münti. Joao ei viska münti. Marta ei viska münti. Kas münt on ikka veel pea üles? Pane tähele, et sõna ""pöörata"" tähendab siin ""pöörata tagurpidi"". ";ei ole ;B
"Raha on pea üles. Penny viskab mündi. Harry ei viska münti. Jessica ei viska münti. Horacio viskab mündi. Kas münt on ikka veel pea üles? Pane tähele, et sõna ""pöörata"" tähendab siin ""pöörata tagurpidi"". ";Jah, jah ;A
"Raha on pea üles. Billie ei viska münti. Paloma ei viska münti. Tanner ei viska münti. Raul ei viska münti. Kas münt on ikka veel pea üles? Pane tähele, et sõna ""pöörata"" tähendab siin ""pöörata tagurpidi"". ";Jah, jah ;A
"Raha on pea üles. Rena ei viska münti. Devon ei viska münti. Rosalinda ei viska münti. Paulina ei viska münti. Kas münt on ikka veel pea üles? Pane tähele, et sõna ""pöörata"" tähendab siin ""pöörata tagurpidi"". ";Jah, jah ;A
"Raha on pea üles. Axel viskab mündi. Osvaldo viskab mündi. Mildred ei viska münti. Sylvia viskab mündi. Kas münt on ikka veel pea üles? Pane tähele, et sõna ""pöörata"" tähendab siin ""pöörata tagurpidi"". ";ei ole ;B
"Raha on pea üles. Emiliano viskab mündi. Jasmin viskab mündi. Wade viskab mündi. Vilma ei viska münti. Kas münt on ikka veel pea üles? Pane tähele, et sõna ""pöörata"" tähendab siin ""pöörata tagurpidi"". ";ei ole ;B
"Raha on pea üles. Lino ei viska münti. Mariel ei viska münti. Aditya ei viska münti. Elisabeth viskab mündi. Kas münt on ikka veel pea üles? Pane tähele, et sõna ""pöörata"" tähendab siin ""pöörata tagurpidi"". ";ei ole ;B
"Raha on pea üles. Jacky viskab mündi. Socorro viskab mündi. Mark viskab mündi. Wanda ei viska münti. Kas münt on ikka veel pea üles? Pane tähele, et sõna ""pöörata"" tähendab siin ""pöörata tagurpidi"". ";ei ole ;B
"Raha on pea üles. Mauricio viskab mündi. Lee ei viska münti. Madi ei viska münti. Lizzie viskab mündi. Kas münt on ikka veel pea üles? Pane tähele, et sõna ""pöörata"" tähendab siin ""pöörata tagurpidi"". ";Jah, jah ;A
"Raha on pea üles. Ruben viskab mündi. Bernardo viskab mündi. Ariel ei viska münti. Shelley viskab mündi. Kas münt on ikka veel pea üles? Pane tähele, et sõna ""pöörata"" tähendab siin ""pöörata tagurpidi"". ";ei ole ;B
"Raha on pea üles. Phillip ei viska münti. Ajay viskab mündi. Janie viskab mündi. Augusto viskab mündi. Kas münt on ikka veel pea üles? Pane tähele, et sõna ""pöörata"" tähendab siin ""pöörata tagurpidi"". ";ei ole ;B
"Raha on pea üles. Ari viskab mündi. Jasmine ei viska münti. Elliot viskab mündi. Kendrick viskab mündi. Kas münt on ikka veel pea üles? Pane tähele, et sõna ""pöörata"" tähendab siin ""pöörata tagurpidi"". ";ei ole ;B
"Raha on pea üles. Margarita viskab mündi. Anabel viskab mündi. Shaun viskab mündi. Celina viskab mündi. Kas münt on ikka veel pea üles? Pane tähele, et sõna ""pöörata"" tähendab siin ""pöörata tagurpidi"". ";Jah, jah ;A
"Raha on pea üles. Geo ei viska münti. Kody ei viska münti. Isaias viskab mündi. Giovanni viskab mündi. Kas münt on ikka veel pea üles? Pane tähele, et sõna ""pöörata"" tähendab siin ""pöörata tagurpidi"". ";Jah, jah ;A
"Raha on pea üles. Kennedy viskab mündi. Ginny ei viska münti. Iliana viskab mündi. Sky ei viska münti. Kas münt on ikka veel pea üles? Pane tähele, et sõna ""pöörata"" tähendab siin ""pöörata tagurpidi"". ";Jah, jah ;A
"Raha on pea üles. Billy viskab mündi. Kassandra viskab mündi. Rõõm ei viska münti. Abe viskab mündi. Kas münt on ikka veel pea üles? Pane tähele, et sõna ""pöörata"" tähendab siin ""pöörata tagurpidi"". ";ei ole ;B
"Raha on pea üles. Nubia viskab mündi. Sarah ei viska münti. Jalen ei viska münti. Kris viskab mündi. Kas münt on ikka veel pea üles? Pane tähele, et sõna ""pöörata"" tähendab siin ""pöörata tagurpidi"". ";Jah, jah ;A
"Raha on pea üles. Ale ei viska münti. Gaspar viskab mündi. Sonny ei viska münti. Simon viskab mündi. Kas münt on ikka veel pea üles? Pane tähele, et sõna ""pöörata"" tähendab siin ""pöörata tagurpidi"". ";Jah, jah ;A
"Raha on pea üles. Skylar viskab mündi. Chrissy ei viska münti. Misty viskab mündi. Kike viskab mündi. Kas münt on ikka veel pea üles? Pane tähele, et sõna ""pöörata"" tähendab siin ""pöörata tagurpidi"". ";ei ole ;B
"Raha on pea üles. Gavin viskab mündi. Neha ei viska münti. Asha ei viska münti. Baltazar ei viska münti. Kas münt on ikka veel pea üles? Pane tähele, et sõna ""pöörata"" tähendab siin ""pöörata tagurpidi"". ";ei ole ;B
"Raha on pea üles. Camilo viskab mündi. Becky ei viska münti. Eliza ei viska münti. Rebecca ei viska münti. Kas münt on ikka veel pea üles? Pane tähele, et sõna ""pöörata"" tähendab siin ""pöörata tagurpidi"". ";ei ole ;B
"Raha on pea üles. Isela viskab mündi. Leslie viskab mündi. Stacy viskab mündi. Ingrid ei viska münti. Kas münt on ikka veel pea üles? Pane tähele, et sõna ""pöörata"" tähendab siin ""pöörata tagurpidi"". ";ei ole ;B
"Raha on pea üles. Meg ei viska münti. Andrey ei viska münti. Gerard viskab mündi. Lilia viskab mündi. Kas münt on ikka veel pea üles? Pane tähele, et sõna ""pöörata"" tähendab siin ""pöörata tagurpidi"". ";Jah, jah ;A
"Raha on pea üles. Denny viskab mündi. Carlo viskab mündi. Reinaldo viskab mündi. Jessi viskab mündi. Kas münt on ikka veel pea üles? Pane tähele, et sõna ""pöörata"" tähendab siin ""pöörata tagurpidi"". ";Jah, jah ;A
"Raha on pea üles. Cheri ei viska münti. Rico ei viska münti. Teo viskab mündi. Jeesus ei viska münti. Kas münt on ikka veel pea üles? Pane tähele, et sõna ""pöörata"" tähendab siin ""pöörata tagurpidi"". ";ei ole ;B
"Raha on pea üles. Alexandria ei viska münti. Meghan ei viska münti. Sügis ei keera münti. Robert ei viska münti. Kas münt on ikka veel pea üles? Pane tähele, et sõna ""pöörata"" tähendab siin ""pöörata tagurpidi"". ";Jah, jah ;A
"Raha on pea üles. Jr viskab mündi. Meredith viskab mündi. Zoe ei viska münti. Robby ei viska münti. Kas münt on ikka veel pea üles? Pane tähele, et sõna ""pöörata"" tähendab siin ""pöörata tagurpidi"". ";Jah, jah ;A
"Raha on pea üles. Ilus heidab münti. Jada viskab mündi. Sarita ei viska münti. Allen viskab mündi. Kas münt on ikka veel pea üles? Pane tähele, et sõna ""pöörata"" tähendab siin ""pöörata tagurpidi"". ";ei ole ;B
"Raha on pea üles. Shari viskab mündi. Bella viskab mündi. Liza ei viska münti. Maira ei viska münti. Kas münt on ikka veel pea üles? Pane tähele, et sõna ""pöörata"" tähendab siin ""pöörata tagurpidi"". ";Jah, jah ;A
"Raha on pea üles. Lazaro ei viska münti. Ana viskab mündi. Charlotte viskab mündi. Precious viskab mündi. Kas münt on ikka veel pea üles? Pane tähele, et sõna ""pöörata"" tähendab siin ""pöörata tagurpidi"". ";ei ole ;B
"Raha on pea üles. Imelda viskab mündi. Andi viskab mündi. Mack ei viska münti. Rigoberto viskab mündi. Kas münt on ikka veel pea üles? Pane tähele, et sõna ""pöörata"" tähendab siin ""pöörata tagurpidi"". ";ei ole ;B
"Raha on pea üles. Ashish viskab mündi. Tracey viskab mündi. Varun ei viska münti. Emil viskab mündi. Kas münt on ikka veel pea üles? Pane tähele, et sõna ""pöörata"" tähendab siin ""pöörata tagurpidi"". ";ei ole ;B
"Raha on pea üles. Marian ei viska münti. Joanne viskab mündi. Darrin ei viska münti. Rohit ei viska münti. Kas münt on ikka veel pea üles? Pane tähele, et sõna ""pöörata"" tähendab siin ""pöörata tagurpidi"". ";ei ole ;B
"Raha on pea üles. Julieta viskab mündi. Zachary viskab mündi. Jared viskab mündi. Tyson ei viska münti. Kas münt on ikka veel pea üles? Pane tähele, et sõna ""pöörata"" tähendab siin ""pöörata tagurpidi"". ";ei ole ;B
"Raha on pea üles. Vicente ei viska münti. Dayana ei viska münti. Kasey ei viska münti. Lin ei viska münti. Kas münt on ikka veel pea üles? Pane tähele, et sõna ""pöörata"" tähendab siin ""pöörata tagurpidi"". ";Jah, jah ;A
"Raha on pea üles. Craig viskab mündi. Dillon ei viska münti. Troy ei viska münti. Griselda ei viska münti. Kas münt on ikka veel pea üles? Pane tähele, et sõna ""pöörata"" tähendab siin ""pöörata tagurpidi"". ";ei ole ;B
"Raha on pea üles. Rubi ei viska münti. Daisy ei viska münti. Yadira viskab mündi. Jõuluvana ei viska münti. Kas münt on ikka veel pea üles? Pane tähele, et sõna ""pöörata"" tähendab siin ""pöörata tagurpidi"". ";ei ole ;B
"Raha on pea üles. Dave ei viska münti. Ernesto ei viska münti. Liam ei viska münti. Marsha ei viska münti. Kas münt on ikka veel pea üles? Pane tähele, et sõna ""pöörata"" tähendab siin ""pöörata tagurpidi"". ";Jah, jah ;A
"Raha on pea üles. Ira viskab mündi. Paola viskab mündi. Jose Antonio ei viska münti. Maria ei viska münti. Kas münt on ikka veel pea üles? Pane tähele, et sõna ""pöörata"" tähendab siin ""pöörata tagurpidi"". ";Jah, jah ;A
"Raha on pea üles. Manish ei viska münti. Lu viskab mündi. Karl ei viska münti. Don viskab mündi. Kas münt on ikka veel pea üles? Pane tähele, et sõna ""pöörata"" tähendab siin ""pöörata tagurpidi"". ";Jah, jah ;A
"Raha on pea üles. Irving viskab mündi. Hans viskab mündi. Mooses ei viska münti. Nicole ei viska münti. Kas münt on ikka veel pea üles? Pane tähele, et sõna ""pöörata"" tähendab siin ""pöörata tagurpidi"". ";Jah, jah ;A
"Raha on pea üles. Micaela ei viska münti. Kevin viskab mündi. Diamond ei viska münti. Ty ei viska münti. Kas münt on ikka veel pea üles? Pane tähele, et sõna ""pöörata"" tähendab siin ""pöörata tagurpidi"". ";ei ole ;B
"Raha on pea üles. Maura viskab mündi. Selvin ei viska münti. Tabitha viskab mündi. Gino viskab mündi. Kas münt on ikka veel pea üles? Pane tähele, et sõna ""pöörata"" tähendab siin ""pöörata tagurpidi"". ";ei ole ;B
"Raha on pea üles. Rosendo viskab mündi. Shayla ei viska münti. Erica ei viska münti. Georgia ei viska münti. Kas münt on ikka veel pea üles? Pane tähele, et sõna ""pöörata"" tähendab siin ""pöörata tagurpidi"". ";ei ole ;B
"Raha on pea üles. Lorena ei viska münti. Shana ei viska münti. Priscilla ei viska münti. Summer ei viska münti. Kas münt on ikka veel pea üles? Pane tähele, et sõna ""pöörata"" tähendab siin ""pöörata tagurpidi"". ";Jah, jah ;A
"Raha on pea üles. Noelle ei viska münti. Byron viskab mündi. Jane ei viska münti. Darin ei viska münti. Kas münt on ikka veel pea üles? Pane tähele, et sõna ""pöörata"" tähendab siin ""pöörata tagurpidi"". ";ei ole ;B
"Raha on pea üles. Chava viskab mündi. Rosalia ei viska münti. Kurt ei viska münti. Linda viskab mündi. Kas münt on ikka veel pea üles? Pane tähele, et sõna ""pöörata"" tähendab siin ""pöörata tagurpidi"". ";Jah, jah ;A
"Raha on pea üles. Meagan ei viska münti. Naomi ei viska münti. Iisrael ei viska münti. Marie viskab mündi. Kas münt on ikka veel pea üles? Pane tähele, et sõna ""pöörata"" tähendab siin ""pöörata tagurpidi"". ";ei ole ;B
"Raha on pea üles. Michele viskab mündi. Karan ei viska münti. Abraham ei viska münti. Ellen viskab mündi. Kas münt on ikka veel pea üles? Pane tähele, et sõna ""pöörata"" tähendab siin ""pöörata tagurpidi"". ";Jah, jah ;A
"Raha on pea üles. Laila ei viska münti. Audrey ei viska münti. Glenn ei viska münti. Rhonda ei viska münti. Kas münt on ikka veel pea üles? Pane tähele, et sõna ""pöörata"" tähendab siin ""pöörata tagurpidi"". ";Jah, jah ;A
"Raha on pea üles. Regina ei viska münti. Joel ei viska münti. Õiglus ei keera münti ümber. Eli ei viska münti. Kas münt on ikka veel pea üles? Pane tähele, et sõna ""pöörata"" tähendab siin ""pöörata tagurpidi"". ";Jah, jah ;A
"Raha on pea üles. Janet ei viska münti. Sibu ei viska münti. Vickie viskab mündi. Elias viskab mündi. Kas münt on ikka veel pea üles? Pane tähele, et sõna ""pöörata"" tähendab siin ""pöörata tagurpidi"". ";Jah, jah ;A
"Raha on pea üles. Russ viskab mündi. Berta ei viska münti. Mandy ei viska münti. Lydia viskab mündi. Kas münt on ikka veel pea üles? Pane tähele, et sõna ""pöörata"" tähendab siin ""pöörata tagurpidi"". ";Jah, jah ;A
"Raha on pea üles. Tristan ei viska münti. Marleny viskab mündi. Santiago viskab mündi. Viviana viskab mündi. Kas münt on ikka veel pea üles? Pane tähele, et sõna ""pöörata"" tähendab siin ""pöörata tagurpidi"". ";ei ole ;B
"Raha on pea üles. Carole viskab mündi. William viskab mündi. Tiffany viskab mündi. Hilary ei viska münti. Kas münt on ikka veel pea üles? Pane tähele, et sõna ""pöörata"" tähendab siin ""pöörata tagurpidi"". ";ei ole ;B
"Raha on pea üles. Amparo viskab mündi. Gianna ei viska münti. Dion viskab mündi. Tessa viskab mündi. Kas münt on ikka veel pea üles? Pane tähele, et sõna ""pöörata"" tähendab siin ""pöörata tagurpidi"". ";ei ole ;B
"Raha on pea üles. Lewis ei viska münti. Azucena ei viska münti. Kai ei viska münti. Ravi ei viska münti. Kas münt on ikka veel pea üles? Pane tähele, et sõna ""pöörata"" tähendab siin ""pöörata tagurpidi"". ";Jah, jah ;A
"Raha on pea üles. Issa viskab mündi. Kendra viskab mündi. Ignacio viskab mündi. Henry viskab mündi. Kas münt on ikka veel pea üles? Pane tähele, et sõna ""pöörata"" tähendab siin ""pöörata tagurpidi"". ";Jah, jah ;A
"Raha on pea üles. Faustino viskab mündi. Lamar viskab mündi. Fransisco viskab mündi. Rina viskab mündi. Kas münt on ikka veel pea üles? Pane tähele, et sõna ""pöörata"" tähendab siin ""pöörata tagurpidi"". ";Jah, jah ;A
"Raha on pea üles. Angelique viskab mündi. Marissa viskab mündi. Phyllis viskab mündi. Bonnie viskab mündi. Kas münt on ikka veel pea üles? Pane tähele, et sõna ""pöörata"" tähendab siin ""pöörata tagurpidi"". ";Jah, jah ;A
"Raha on pea üles. Loren ei viska münti. Wes viskab mündi. Dean ei viska münti. Hayley viskab mündi. Kas münt on ikka veel pea üles? Pane tähele, et sõna ""pöörata"" tähendab siin ""pöörata tagurpidi"". ";Jah, jah ;A
"Raha on pea üles. Maxwell ei viska münti. Jose viskab mündi. Beto ei viska münti. Joe ei viska münti. Kas münt on ikka veel pea üles? Pane tähele, et sõna ""pöörata"" tähendab siin ""pöörata tagurpidi"". ";ei ole ;B
"Raha on pea üles. Liz ei viska münti. Andrea viskab mündi. Suresh ei viska münti. Vera ei viska münti. Kas münt on ikka veel pea üles? Pane tähele, et sõna ""pöörata"" tähendab siin ""pöörata tagurpidi"". ";ei ole ;B
"Raha on pea üles. Chantal ei viska münti. Ines ei viska münti. Valeria viskab mündi. Francesca ei viska münti. Kas münt on ikka veel pea üles? Pane tähele, et sõna ""pöörata"" tähendab siin ""pöörata tagurpidi"". ";ei ole ;B
"Raha on pea üles. Ron viskab mündi. Carl viskab mündi. Joann ei viska münti. Young viskab mündi. Kas münt on ikka veel pea üles? Pane tähele, et sõna ""pöörata"" tähendab siin ""pöörata tagurpidi"". ";ei ole ;B
"Raha on pea üles. Sally viskab mündi. Sadie viskab mündi. Christie ei viska münti. Ellie viskab mündi. Kas münt on ikka veel pea üles? Pane tähele, et sõna ""pöörata"" tähendab siin ""pöörata tagurpidi"". ";ei ole ;B
"Raha on pea üles. Tomas ei viska münti. Nic viskab mündi. Zoila viskab mündi. Calvin ei viska münti. Kas münt on ikka veel pea üles? Pane tähele, et sõna ""pöörata"" tähendab siin ""pöörata tagurpidi"". ";Jah, jah ;A
"Raha on pea üles. Gabe ei viska münti. Dora viskab mündi. Aileen ei viska münti. Modesto ei viska münti. Kas münt on ikka veel pea üles? Pane tähele, et sõna ""pöörata"" tähendab siin ""pöörata tagurpidi"". ";ei ole ;B
"Raha on pea üles. Victoria viskab mündi. Aurora ei viska münti. Amalia ei viska münti. Printsess ei viska münti. Kas münt on ikka veel pea üles? Pane tähele, et sõna ""pöörata"" tähendab siin ""pöörata tagurpidi"". ";ei ole ;B
"Raha on pea üles. Alec viskab mündi. Arianna viskab mündi. Corina viskab mündi. Juancarlos viskab mündi. Kas münt on ikka veel pea üles? Pane tähele, et sõna ""pöörata"" tähendab siin ""pöörata tagurpidi"". ";Jah, jah ;A
"Raha on pea üles. Carolyn viskab mündi. Sasha ei viska münti. Armu ei keera münti ümber. Keri viskab mündi. Kas münt on ikka veel pea üles? Pane tähele, et sõna ""pöörata"" tähendab siin ""pöörata tagurpidi"". ";Jah, jah ;A
"Raha on pea üles. Selena ei viska münti. Keisha viskab mündi. Gladys ei viska münti. Cedric ei viska münti. Kas münt on ikka veel pea üles? Pane tähele, et sõna ""pöörata"" tähendab siin ""pöörata tagurpidi"". ";ei ole ;B
"Raha on pea üles. Salma ei viska münti. PJ viskab mündi. Gladis viskab mündi. Monica viskab mündi. Kas münt on ikka veel pea üles? Pane tähele, et sõna ""pöörata"" tähendab siin ""pöörata tagurpidi"". ";ei ole ;B
"Raha on pea üles. Ralph ei viska münti. Jeanne viskab mündi. Kyle ei viska münti. Alejandro ei viska münti. Kas münt on ikka veel pea üles? Pane tähele, et sõna ""pöörata"" tähendab siin ""pöörata tagurpidi"". ";ei ole ;B
"Raha on pea üles. Letty viskab mündi. Aimee ei viska münti. Elvia ei viska münti. Ted ei viska münti. Kas münt on ikka veel pea üles? Pane tähele, et sõna ""pöörata"" tähendab siin ""pöörata tagurpidi"". ";ei ole ;B
"Raha on pea üles. April ei viska münti. Molly ei viska münti. Maurice viskab mündi. Jaclyn viskab mündi. Kas münt on ikka veel pea üles? Pane tähele, et sõna ""pöörata"" tähendab siin ""pöörata tagurpidi"". ";Jah, jah ;A
"Raha on pea üles. Markus ei viska münti. Kathryn ei viska münti. Giovanna ei viska münti. Kent ei viska münti. Kas münt on ikka veel pea üles? Pane tähele, et sõna ""pöörata"" tähendab siin ""pöörata tagurpidi"". ";Jah, jah ;A
"Raha on pea üles. Desmond viskab mündi. Camille viskab mündi. Joana viskab mündi. Garcia viskab mündi. Kas münt on ikka veel pea üles? Pane tähele, et sõna ""pöörata"" tähendab siin ""pöörata tagurpidi"". ";Jah, jah ;A
"Raha on pea üles. Quinton ei viska münti. Sam viskab mündi. Soledad ei viska münti. Becca viskab mündi. Kas münt on ikka veel pea üles? Pane tähele, et sõna ""pöörata"" tähendab siin ""pöörata tagurpidi"". ";Jah, jah ;A
"Raha on pea üles. Matilde ei viska münti. Jan viskab mündi. Marcel ei viska münti. Mimi ei viska münti. Kas münt on ikka veel pea üles? Pane tähele, et sõna ""pöörata"" tähendab siin ""pöörata tagurpidi"". ";ei ole ;B
"Raha on pea üles. Manolo ei viska münti. Bobbie ei viska münti. Ash ei viska münti. Jaqueline ei viska münti. Kas münt on ikka veel pea üles? Pane tähele, et sõna ""pöörata"" tähendab siin ""pöörata tagurpidi"". ";Jah, jah ;A
"Raha on pea üles. Jorge Luis ei viska münti. Mo viskab mündi. Alexia viskab mündi. Jerry ei viska münti. Kas münt on ikka veel pea üles? Pane tähele, et sõna ""pöörata"" tähendab siin ""pöörata tagurpidi"". ";Jah, jah ;A
"Raha on pea üles. Kali ei viska münti. Jeanette viskab mündi. Tess ei viska münti. Devin ei viska münti. Kas münt on ikka veel pea üles? Pane tähele, et sõna ""pöörata"" tähendab siin ""pöörata tagurpidi"". ";ei ole ;B
"Raha on pea üles. Nabil ei viska münti. Marlene ei viska münti. Wendy viskab mündi. Jillian ei viska münti. Kas münt on ikka veel pea üles? Pane tähele, et sõna ""pöörata"" tähendab siin ""pöörata tagurpidi"". ";ei ole ;B
"Raha on pea üles. Heategevus viskab münti. Svetlana ei viska münti. Jamie ei viska münti. Jose A ei viska münti. Kas münt on ikka veel pea üles? Pane tähele, et sõna ""pöörata"" tähendab siin ""pöörata tagurpidi"". ";ei ole ;B
"Raha on pea üles. Dalila viskab mündi. Emily viskab mündi. Casey ei viska münti. Clifford ei viska münti. Kas münt on ikka veel pea üles? Pane tähele, et sõna ""pöörata"" tähendab siin ""pöörata tagurpidi"". ";Jah, jah ;A
"Raha on pea üles. Blake viskab mündi. Hunter viskab mündi. Lou viskab mündi. Spencer ei viska münti. Kas münt on ikka veel pea üles? Pane tähele, et sõna ""pöörata"" tähendab siin ""pöörata tagurpidi"". ";ei ole ;B
"Raha on pea üles. Donny viskab mündi. Lucero ei viska münti. Christopher viskab mündi. Gregory viskab mündi. Kas münt on ikka veel pea üles? Pane tähele, et sõna ""pöörata"" tähendab siin ""pöörata tagurpidi"". ";ei ole ;B
"Raha on pea üles. Hayden viskab mündi. Maya ei viska münti. Zack viskab mündi. Roberto viskab mündi. Kas münt on ikka veel pea üles? Pane tähele, et sõna ""pöörata"" tähendab siin ""pöörata tagurpidi"". ";ei ole ;B
"Raha on pea üles. Jesús viskab mündi. Vidal ei viska münti. Maxine viskab mündi. Gloria ei viska münti. Kas münt on ikka veel pea üles? Pane tähele, et sõna ""pöörata"" tähendab siin ""pöörata tagurpidi"". ";Jah, jah ;A
"Raha on pea üles. Madeline viskab mündi. Mckenzie ei viska münti. Louie ei viska münti. Dylan viskab mündi. Kas münt on ikka veel pea üles? Pane tähele, et sõna ""pöörata"" tähendab siin ""pöörata tagurpidi"". ";Jah, jah ;A
"Raha on pea üles. Anastasia ei viska münti. Thelma viskab mündi. Sheri viskab mündi. Rosita viskab mündi. Kas münt on ikka veel pea üles? Pane tähele, et sõna ""pöörata"" tähendab siin ""pöörata tagurpidi"". ";ei ole ;B
"Raha on pea üles. Guillermina viskab mündi. Evelin viskab mündi. Dominique viskab mündi. Johnny ei viska münti. Kas münt on ikka veel pea üles? Pane tähele, et sõna ""pöörata"" tähendab siin ""pöörata tagurpidi"". ";ei ole ;B
"Raha on pea üles. Sid viskab mündi. Isabelle ei viska münti. Jackson viskab mündi. Heidy ei viska münti. Kas münt on ikka veel pea üles? Pane tähele, et sõna ""pöörata"" tähendab siin ""pöörata tagurpidi"". ";Jah, jah ;A
"Raha on pea üles. Margaret ei viska münti. Rosi viskab mündi. Willy viskab mündi. Charlene ei viska münti. Kas münt on ikka veel pea üles? Pane tähele, et sõna ""pöörata"" tähendab siin ""pöörata tagurpidi"". ";Jah, jah ;A
"Raha on pea üles. Carla viskab mündi. Dolores viskab mündi. Cooper viskab mündi. Damion viskab mündi. Kas münt on ikka veel pea üles? Pane tähele, et sõna ""pöörata"" tähendab siin ""pöörata tagurpidi"". ";Jah, jah ;A
"Raha on pea üles. Davis viskab mündi. Jules ei viska münti. Fabiola viskab mündi. Cherie ei viska münti. Kas münt on ikka veel pea üles? Pane tähele, et sõna ""pöörata"" tähendab siin ""pöörata tagurpidi"". ";Jah, jah ;A
"Raha on pea üles. Raven viskab mündi. Marisela ei viska münti. Ross viskab mündi. Angie viskab mündi. Kas münt on ikka veel pea üles? Pane tähele, et sõna ""pöörata"" tähendab siin ""pöörata tagurpidi"". ";ei ole ;B
"Raha on pea üles. Jeff ei viska münti. Jen viskab mündi. Giselle viskab mündi. Noel ei viska münti. Kas münt on ikka veel pea üles? Pane tähele, et sõna ""pöörata"" tähendab siin ""pöörata tagurpidi"". ";Jah, jah ;A
"Raha on pea üles. Kristi viskab mündi. Eduardo ei viska münti. Angelo ei viska münti. Clare ei viska münti. Kas münt on ikka veel pea üles? Pane tähele, et sõna ""pöörata"" tähendab siin ""pöörata tagurpidi"". ";ei ole ;B
"Raha on pea üles. Alina ei viska münti. Alessandra ei viska münti. Amina ei viska münti. Bianca viskab mündi. Kas münt on ikka veel pea üles? Pane tähele, et sõna ""pöörata"" tähendab siin ""pöörata tagurpidi"". ";ei ole ;B
"Raha on pea üles. Zach viskab mündi. Trenton viskab mündi. Cary ei viska münti. Beth viskab mündi. Kas münt on ikka veel pea üles? Pane tähele, et sõna ""pöörata"" tähendab siin ""pöörata tagurpidi"". ";ei ole ;B
"Raha on pea üles. Altagracia viskab mündi. Howard ei viska münti. Patti viskab mündi. Douglas viskab mündi. Kas münt on ikka veel pea üles? Pane tähele, et sõna ""pöörata"" tähendab siin ""pöörata tagurpidi"". ";ei ole ;B
"Raha on pea üles. Jordan ei viska münti. Yoni viskab mündi. Lawrence ei viska münti. Aura viskab mündi. Kas münt on ikka veel pea üles? Pane tähele, et sõna ""pöörata"" tähendab siin ""pöörata tagurpidi"". ";Jah, jah ;A
"Raha on pea üles. Leticia viskab mündi. Jacinto viskab mündi. Natasha ei viska münti. Raphael viskab mündi. Kas münt on ikka veel pea üles? Pane tähele, et sõna ""pöörata"" tähendab siin ""pöörata tagurpidi"". ";ei ole ;B
"Raha on pea üles. Mickey ei viska münti. Dom viskab mündi. Lilly viskab mündi. Eloy ei viska münti. Kas münt on ikka veel pea üles? Pane tähele, et sõna ""pöörata"" tähendab siin ""pöörata tagurpidi"". ";Jah, jah ;A
"Raha on pea üles. Timmy ei viska münti. Katherine ei viska münti. Gabriel viskab mündi. Nate ei viska münti. Kas münt on ikka veel pea üles? Pane tähele, et sõna ""pöörata"" tähendab siin ""pöörata tagurpidi"". ";ei ole ;B
"Raha on pea üles. Raymundo viskab mündi. Jonathon viskab mündi. Lexi ei viska münti. Rony viskab mündi. Kas münt on ikka veel pea üles? Pane tähele, et sõna ""pöörata"" tähendab siin ""pöörata tagurpidi"". ";ei ole ;B
"Raha on pea üles. Amy viskab mündi. Ella ei viska münti. Amilcar ei viska münti. Roman ei viska münti. Kas münt on ikka veel pea üles? Pane tähele, et sõna ""pöörata"" tähendab siin ""pöörata tagurpidi"". ";ei ole ;B
"Raha on pea üles. Bailey viskab mündi. Lourdes ei viska münti. Brianna ei viska münti. Martín viskab mündi. Kas münt on ikka veel pea üles? Pane tähele, et sõna ""pöörata"" tähendab siin ""pöörata tagurpidi"". ";Jah, jah ;A
"Raha on pea üles. Daniella viskab mündi. Dianne ei viska münti. Ram viskab mündi. Mirian viskab mündi. Kas münt on ikka veel pea üles? Pane tähele, et sõna ""pöörata"" tähendab siin ""pöörata tagurpidi"". ";ei ole ;B
"Raha on pea üles. Rosie ei viska münti. Charlie ei viska münti. Mick viskab mündi. Jacquelyn ei viska münti. Kas münt on ikka veel pea üles? Pane tähele, et sõna ""pöörata"" tähendab siin ""pöörata tagurpidi"". ";ei ole ;B
"Raha on pea üles. Ericka ei viska münti. Aly viskab mündi. Darius ei viska münti. Reed viskab mündi. Kas münt on ikka veel pea üles? Pane tähele, et sõna ""pöörata"" tähendab siin ""pöörata tagurpidi"". ";Jah, jah ;A
"Raha on pea üles. Glenda viskab mündi. Beverly viskab mündi. Agustin viskab mündi. Igor ei viska münti. Kas münt on ikka veel pea üles? Pane tähele, et sõna ""pöörata"" tähendab siin ""pöörata tagurpidi"". ";ei ole ;B
"Raha on pea üles. Dino viskab mündi. Toby ei viska münti. Abigail viskab mündi. Manuela ei viska münti. Kas münt on ikka veel pea üles? Pane tähele, et sõna ""pöörata"" tähendab siin ""pöörata tagurpidi"". ";Jah, jah ;A
"Raha on pea üles. Shannon ei viska münti. Millie viskab mündi. Rosemary ei viska münti. Priyanka viskab mündi. Kas münt on ikka veel pea üles? Pane tähele, et sõna ""pöörata"" tähendab siin ""pöörata tagurpidi"". ";Jah, jah ;A
"Raha on pea üles. Cristian viskab mündi. Nik ei viska münti. Gwen viskab mündi. Josiah viskab mündi. Kas münt on ikka veel pea üles? Pane tähele, et sõna ""pöörata"" tähendab siin ""pöörata tagurpidi"". ";ei ole ;B
"Raha on pea üles. Garry viskab mündi. Arielle viskab mündi. Elba ei viska münti. Rodney ei viska münti. Kas münt on ikka veel pea üles? Pane tähele, et sõna ""pöörata"" tähendab siin ""pöörata tagurpidi"". ";Jah, jah ;A
"Raha on pea üles. Clarissa ei viska münti. Shauna ei viska münti. Alexis ei viska münti. Branden viskab mündi. Kas münt on ikka veel pea üles? Pane tähele, et sõna ""pöörata"" tähendab siin ""pöörata tagurpidi"". ";ei ole ;B
"Raha on pea üles. Barb ei viska münti. Gage viskab mündi. Kristian viskab mündi. Aasia ei viska münti. Kas münt on ikka veel pea üles? Pane tähele, et sõna ""pöörata"" tähendab siin ""pöörata tagurpidi"". ";Jah, jah ;A
"Raha on pea üles. Emilia viskab mündi. Jonas viskab mündi. Christi ei viska münti. Sophia ei viska münti. Kas münt on ikka veel pea üles? Pane tähele, et sõna ""pöörata"" tähendab siin ""pöörata tagurpidi"". ";Jah, jah ;A
"Raha on pea üles. Sonia viskab mündi. Griffin viskab mündi. Claude viskab mündi. Josephine viskab mündi. Kas münt on ikka veel pea üles? Pane tähele, et sõna ""pöörata"" tähendab siin ""pöörata tagurpidi"". ";Jah, jah ;A
"Raha on pea üles. Arthur viskab mündi. Shan ei viska münti. Norman viskab mündi. Manny ei viska münti. Kas münt on ikka veel pea üles? Pane tähele, et sõna ""pöörata"" tähendab siin ""pöörata tagurpidi"". ";Jah, jah ;A
"Raha on pea üles. Abdi ei viska münti. Clyde ei viska münti. Ana Maria ei viska münti. Pepe ei viska münti. Kas münt on ikka veel pea üles? Pane tähele, et sõna ""pöörata"" tähendab siin ""pöörata tagurpidi"". ";Jah, jah ;A
"Raha on pea üles. Scotty viskab mündi. Edgar viskab mündi. Hanna viskab mündi. Austin viskab mündi. Kas münt on ikka veel pea üles? Pane tähele, et sõna ""pöörata"" tähendab siin ""pöörata tagurpidi"". ";Jah, jah ;A
"Raha on pea üles. Denis ei viska münti. Gigi viskab mündi. Heather ei viska münti. Ginger viskab mündi. Kas münt on ikka veel pea üles? Pane tähele, et sõna ""pöörata"" tähendab siin ""pöörata tagurpidi"". ";Jah, jah ;A
"Raha on pea üles. Steph viskab mündi. Pablo viskab mündi. Ceci viskab mündi. Francine viskab mündi. Kas münt on ikka veel pea üles? Pane tähele, et sõna ""pöörata"" tähendab siin ""pöörata tagurpidi"". ";Jah, jah ;A
"Raha on pea üles. Orlando ei viska münti. Colby ei viska münti. Julius viskab mündi. Ofelia viskab mündi. Kas münt on ikka veel pea üles? Pane tähele, et sõna ""pöörata"" tähendab siin ""pöörata tagurpidi"". ";Jah, jah ;A
"Raha on pea üles. Rogelio viskab mündi. Freddy ei viska münti. Ivan viskab mündi. Madeleine ei viska münti. Kas münt on ikka veel pea üles? Pane tähele, et sõna ""pöörata"" tähendab siin ""pöörata tagurpidi"". ";Jah, jah ;A
"Raha on pea üles. Marshall viskab mündi. Herman ei viska münti. Faye ei viska münti. Grant ei viska münti. Kas münt on ikka veel pea üles? Pane tähele, et sõna ""pöörata"" tähendab siin ""pöörata tagurpidi"". ";ei ole ;B
"Raha on pea üles. Bernard ei viska münti. Lidia viskab mündi. Sebastian ei viska münti. Judy ei viska münti. Kas münt on ikka veel pea üles? Pane tähele, et sõna ""pöörata"" tähendab siin ""pöörata tagurpidi"". ";ei ole ;B
"Raha on pea üles. Kyra ei viska münti. Luciano viskab mündi. Ciara ei viska münti. Bryan viskab mündi. Kas münt on ikka veel pea üles? Pane tähele, et sõna ""pöörata"" tähendab siin ""pöörata tagurpidi"". ";Jah, jah ;A
"Raha on pea üles. Myriam ei viska münti. José viskab mündi. Cecy viskab mündi. Faisal viskab mündi. Kas münt on ikka veel pea üles? Pane tähele, et sõna ""pöörata"" tähendab siin ""pöörata tagurpidi"". ";ei ole ;B
"Raha on pea üles. Memo viskab mündi. Joey ei viska münti. Phil viskab mündi. Samuel viskab mündi. Kas münt on ikka veel pea üles? Pane tähele, et sõna ""pöörata"" tähendab siin ""pöörata tagurpidi"". ";ei ole ;B
"Raha on pea üles. Angel viskab mündi. Sheryl viskab mündi. Dulce viskab mündi. Kenny viskab mündi. Kas münt on ikka veel pea üles? Pane tähele, et sõna ""pöörata"" tähendab siin ""pöörata tagurpidi"". ";Jah, jah ;A
"Raha on pea üles. Selina viskab mündi. Tasha viskab mündi. Jarrod ei viska münti. Maddy ei viska münti. Kas münt on ikka veel pea üles? Pane tähele, et sõna ""pöörata"" tähendab siin ""pöörata tagurpidi"". ";Jah, jah ;A
"Raha on pea üles. Talia viskab mündi. Nicki ei viska münti. Tia viskab mündi. Divya ei viska münti. Kas münt on ikka veel pea üles? Pane tähele, et sõna ""pöörata"" tähendab siin ""pöörata tagurpidi"". ";Jah, jah ;A
"Raha on pea üles. Franklin viskab mündi. Rochelle ei viska münti. Brent ei viska münti. Sarai viskab mündi. Kas münt on ikka veel pea üles? Pane tähele, et sõna ""pöörata"" tähendab siin ""pöörata tagurpidi"". ";Jah, jah ;A
"Raha on pea üles. Clinton viskab mündi. Yanira viskab mündi. Barbara viskab mündi. Betsy viskab mündi. Kas münt on ikka veel pea üles? Pane tähele, et sõna ""pöörata"" tähendab siin ""pöörata tagurpidi"". ";Jah, jah ;A
"Raha on pea üles. Ronnie viskab mündi. Kiki viskab mündi. Alan viskab mündi. Remy viskab mündi. Kas münt on ikka veel pea üles? Pane tähele, et sõna ""pöörata"" tähendab siin ""pöörata tagurpidi"". ";Jah, jah ;A
"Raha on pea üles. Erwin ei viska münti. Chad ei viska münti. Margarito ei viska münti. Shanna ei viska münti. Kas münt on ikka veel pea üles? Pane tähele, et sõna ""pöörata"" tähendab siin ""pöörata tagurpidi"". ";Jah, jah ;A
"Raha on pea üles. Connie ei viska münti. Elena ei viska münti. Tami viskab mündi. Stuart ei viska münti. Kas münt on ikka veel pea üles? Pane tähele, et sõna ""pöörata"" tähendab siin ""pöörata tagurpidi"". ";ei ole ;B
"Raha on pea üles. Blaine viskab mündi. Syed viskab mündi. Priya ei viska münti. Ruby viskab mündi. Kas münt on ikka veel pea üles? Pane tähele, et sõna ""pöörata"" tähendab siin ""pöörata tagurpidi"". ";ei ole ;B
"Raha on pea üles. Fernanda viskab mündi. Magda viskab mündi. Elmer viskab mündi. Alvaro ei viska münti. Kas münt on ikka veel pea üles? Pane tähele, et sõna ""pöörata"" tähendab siin ""pöörata tagurpidi"". ";ei ole ;B
"Raha on pea üles. Anand viskab mündi. Estefania ei viska münti. Stanley viskab mündi. Lizette viskab mündi. Kas münt on ikka veel pea üles? Pane tähele, et sõna ""pöörata"" tähendab siin ""pöörata tagurpidi"". ";ei ole ;B
"Raha on pea üles. Sunil viskab mündi. Tiana ei viska münti. Darla ei viska münti. Darnell viskab mündi. Kas münt on ikka veel pea üles? Pane tähele, et sõna ""pöörata"" tähendab siin ""pöörata tagurpidi"". ";Jah, jah ;A
"Raha on pea üles. Eugenio viskab mündi. Moises ei viska münti. Marion ei viska münti. Kirk ei viska münti. Kas münt on ikka veel pea üles? Pane tähele, et sõna ""pöörata"" tähendab siin ""pöörata tagurpidi"". ";ei ole ;B
"Raha on pea üles. Marty viskab mündi. Justine viskab mündi. Edgardo ei viska münti. Osman viskab mündi. Kas münt on ikka veel pea üles? Pane tähele, et sõna ""pöörata"" tähendab siin ""pöörata tagurpidi"". ";ei ole ;B
"Raha on pea üles. Tucker ei viska münti. Daniel viskab mündi. Hernandez ei viska münti. Alison viskab mündi. Kas münt on ikka veel pea üles? Pane tähele, et sõna ""pöörata"" tähendab siin ""pöörata tagurpidi"". ";Jah, jah ;A
"Raha on pea üles. Sherri ei viska münti. Genesis viskab mündi. Jeffrey ei viska münti. Samir ei viska münti. Kas münt on ikka veel pea üles? Pane tähele, et sõna ""pöörata"" tähendab siin ""pöörata tagurpidi"". ";ei ole ;B
"Raha on pea üles. Kass ei viska münti. Alisha viskab mündi. Ramon ei viska münti. Norberto viskab mündi. Kas münt on ikka veel pea üles? Pane tähele, et sõna ""pöörata"" tähendab siin ""pöörata tagurpidi"". ";Jah, jah ;A
"Raha on pea üles. Hilario viskab mündi. Magdalena viskab mündi. Morris viskab mündi. Patricio ei viska münti. Kas münt on ikka veel pea üles? Pane tähele, et sõna ""pöörata"" tähendab siin ""pöörata tagurpidi"". ";ei ole ;B
"Raha on pea üles. Fausto ei viska münti. Tito ei viska münti. Jade ei viska münti. Terrance ei viska münti. Kas münt on ikka veel pea üles? Pane tähele, et sõna ""pöörata"" tähendab siin ""pöörata tagurpidi"". ";Jah, jah ;A
"Raha on pea üles. Gayle ei viska münti. Doreen ei viska münti. Chelsey viskab mündi. Helena ei viska münti. Kas münt on ikka veel pea üles? Pane tähele, et sõna ""pöörata"" tähendab siin ""pöörata tagurpidi"". ";ei ole ;B
"Raha on pea üles. Lucio viskab mündi. Victor ei viska münti. Lester viskab mündi. Allie viskab mündi. Kas münt on ikka veel pea üles? Pane tähele, et sõna ""pöörata"" tähendab siin ""pöörata tagurpidi"". ";ei ole ;B
"Raha on pea üles. Donnie ei viska münti. Alli ei viska münti. Terry viskab mündi. Krystal ei viska münti. Kas münt on ikka veel pea üles? Pane tähele, et sõna ""pöörata"" tähendab siin ""pöörata tagurpidi"". ";ei ole ;B
"Raha on pea üles. Carlos ei viska münti. Jackie ei viska münti. Callie viskab mündi. Caitlin viskab mündi. Kas münt on ikka veel pea üles? Pane tähele, et sõna ""pöörata"" tähendab siin ""pöörata tagurpidi"". ";Jah, jah ;A
"Raha on pea üles. Debi ei viska münti. Raymond ei viska münti. Luis ei viska münti. Federico viskab mündi. Kas münt on ikka veel pea üles? Pane tähele, et sõna ""pöörata"" tähendab siin ""pöörata tagurpidi"". ";ei ole ;B
"Raha on pea üles. Kelvin ei viska münti. Brennan ei viska münti. Carina viskab mündi. Paty ei viska münti. Kas münt on ikka veel pea üles? Pane tähele, et sõna ""pöörata"" tähendab siin ""pöörata tagurpidi"". ";ei ole ;B
"Raha on pea üles. Janice viskab mündi. Shelly viskab mündi. Arnulfo ei viska münti. Nestor viskab mündi. Kas münt on ikka veel pea üles? Pane tähele, et sõna ""pöörata"" tähendab siin ""pöörata tagurpidi"". ";ei ole ;B
"Raha on pea üles. Bob viskab mündi. Aman ei viska münti. Richie viskab mündi. Sana ei viska münti. Kas münt on ikka veel pea üles? Pane tähele, et sõna ""pöörata"" tähendab siin ""pöörata tagurpidi"". ";Jah, jah ;A
"Raha on pea üles. Juan Jose ei viska münti. Dalia ei viska münti. Saatus ei viska münti. Amelia viskab mündi. Kas münt on ikka veel pea üles? Pane tähele, et sõna ""pöörata"" tähendab siin ""pöörata tagurpidi"". ";ei ole ;B
"Raha on pea üles. Jose Luis ei viska münti. Kiara viskab mündi. Arun ei viska münti. Josefina ei viska münti. Kas münt on ikka veel pea üles? Pane tähele, et sõna ""pöörata"" tähendab siin ""pöörata tagurpidi"". ";ei ole ;B
"Raha on pea üles. Guillermo ei viska münti. Gerry ei viska münti. Lizbeth viskab mündi. Charly viskab mündi. Kas münt on ikka veel pea üles? Pane tähele, et sõna ""pöörata"" tähendab siin ""pöörata tagurpidi"". ";Jah, jah ;A
"Raha on pea üles. Reginald ei viska münti. Franky viskab mündi. Kira viskab mündi. Gordon viskab mündi. Kas münt on ikka veel pea üles? Pane tähele, et sõna ""pöörata"" tähendab siin ""pöörata tagurpidi"". ";ei ole ;B
"Raha on pea üles. Bret ei viska münti. Lois viskab mündi. Ismael viskab mündi. Mirna viskab mündi. Kas münt on ikka veel pea üles? Pane tähele, et sõna ""pöörata"" tähendab siin ""pöörata tagurpidi"". ";ei ole ;B
"Raha on pea üles. Peggy viskab mündi. Trent viskab mündi. Darrell viskab mündi. Pamela viskab mündi. Kas münt on ikka veel pea üles? Pane tähele, et sõna ""pöörata"" tähendab siin ""pöörata tagurpidi"". ";Jah, jah ;A
"Raha on pea üles. Sophie ei viska münti. Gregorio ei viska münti. Avery ei viska münti. Pooja ei viska münti. Kas münt on ikka veel pea üles? Pane tähele, et sõna ""pöörata"" tähendab siin ""pöörata tagurpidi"". ";Jah, jah ;A
"Raha on pea üles. Yvonne ei viska münti. Rafaela ei viska münti. JB ei viska münti. Salomon ei viska münti. Kas münt on ikka veel pea üles? Pane tähele, et sõna ""pöörata"" tähendab siin ""pöörata tagurpidi"". ";Jah, jah ;A
"Raha on pea üles. Gabi viskab mündi. Dante viskab mündi. Rafa viskab mündi. Tricia ei viska münti. Kas münt on ikka veel pea üles? Pane tähele, et sõna ""pöörata"" tähendab siin ""pöörata tagurpidi"". ";ei ole ;B
"Raha on pea üles. Martin ei viska münti. Sage ei viska münti. Tanisha ei viska münti. Rick ei viska münti. Kas münt on ikka veel pea üles? Pane tähele, et sõna ""pöörata"" tähendab siin ""pöörata tagurpidi"". ";Jah, jah ;A
"Raha on pea üles. Suzanne viskab mündi. Julissa viskab mündi. Chino viskab mündi. Ameerika ei viska münti. Kas münt on ikka veel pea üles? Pane tähele, et sõna ""pöörata"" tähendab siin ""pöörata tagurpidi"". ";ei ole ;B
"Raha on pea üles. Mel ei viska münti. Josh viskab mündi. Alejandra viskab mündi. Harley viskab mündi. Kas münt on ikka veel pea üles? Pane tähele, et sõna ""pöörata"" tähendab siin ""pöörata tagurpidi"". ";ei ole ;B
"Raha on pea üles. Candy ei viska münti. Megan viskab mündi. Ed ei viska münti. Nathan viskab mündi. Kas münt on ikka veel pea üles? Pane tähele, et sõna ""pöörata"" tähendab siin ""pöörata tagurpidi"". ";Jah, jah ;A
"Raha on pea üles. Diego ei viska münti. Val viskab mündi. Vincent ei viska münti. Stacie ei viska münti. Kas münt on ikka veel pea üles? Pane tähele, et sõna ""pöörata"" tähendab siin ""pöörata tagurpidi"". ";ei ole ;B
"Raha on pea üles. Salvatore ei viska münti. Gustavo viskab mündi. Jill ei viska münti. Celeste ei viska münti. Kas münt on ikka veel pea üles? Pane tähele, et sõna ""pöörata"" tähendab siin ""pöörata tagurpidi"". ";ei ole ;B
"Raha on pea üles. Marcy viskab mündi. Gonzalez ei viska münti. Alice ei viska münti. Arlene viskab mündi. Kas münt on ikka veel pea üles? Pane tähele, et sõna ""pöörata"" tähendab siin ""pöörata tagurpidi"". ";Jah, jah ;A
"Raha on pea üles. Dana ei viska münti. Saksa keerab mündi. Alvin ei viska münti. Braden viskab mündi. Kas münt on ikka veel pea üles? Pane tähele, et sõna ""pöörata"" tähendab siin ""pöörata tagurpidi"". ";Jah, jah ;A
"Raha on pea üles. Paula ei viska münti. Irina viskab mündi. Laurel ei viska münti. Maribel viskab mündi. Kas münt on ikka veel pea üles? Pane tähele, et sõna ""pöörata"" tähendab siin ""pöörata tagurpidi"". ";Jah, jah ;A
"Raha on pea üles. Andrés ei viska münti. Miles ei viska münti. Ronaldo viskab mündi. Melinda viskab mündi. Kas münt on ikka veel pea üles? Pane tähele, et sõna ""pöörata"" tähendab siin ""pöörata tagurpidi"". ";Jah, jah ;A
"Raha on pea üles. Williams ei viska münti. Reza viskab mündi. Ashton viskab mündi. Lillian viskab mündi. Kas münt on ikka veel pea üles? Pane tähele, et sõna ""pöörata"" tähendab siin ""pöörata tagurpidi"". ";ei ole ;B
"Raha on pea üles. Lacey viskab mündi. Nora ei viska münti. Debra ei viska münti. Ashleigh ei viska münti. Kas münt on ikka veel pea üles? Pane tähele, et sõna ""pöörata"" tähendab siin ""pöörata tagurpidi"". ";ei ole ;B
"Raha on pea üles. Itzel viskab mündi. Anderson ei viska münti. Kenya ei viska münti. Edy viskab mündi. Kas münt on ikka veel pea üles? Pane tähele, et sõna ""pöörata"" tähendab siin ""pöörata tagurpidi"". ";Jah, jah ;A
"Raha on pea üles. Forrest ei viska münti. Juanito ei viska münti. Allan ei viska münti. Candice ei viska münti. Kas münt on ikka veel pea üles? Pane tähele, et sõna ""pöörata"" tähendab siin ""pöörata tagurpidi"". ";Jah, jah ;A
"Raha on pea üles. Nico ei viska münti. Lorenzo viskab mündi. Johanna ei viska münti. Teresita ei viska münti. Kas münt on ikka veel pea üles? Pane tähele, et sõna ""pöörata"" tähendab siin ""pöörata tagurpidi"". ";ei ole ;B
"Raha on pea üles. Paulo viskab mündi. Tatjana viskab mündi. Bernice ei viska münti. Raúl viskab mündi. Kas münt on ikka veel pea üles? Pane tähele, et sõna ""pöörata"" tähendab siin ""pöörata tagurpidi"". ";ei ole ;B
"Raha on pea üles. Lionel viskab mündi. Fiona viskab mündi. Bobby ei viska münti. Janeth ei viska münti. Kas münt on ikka veel pea üles? Pane tähele, et sõna ""pöörata"" tähendab siin ""pöörata tagurpidi"". ";Jah, jah ;A
"Raha on pea üles. Dany viskab mündi. Hilda viskab mündi. Butch viskab mündi. Mahesh ei viska münti. Kas münt on ikka veel pea üles? Pane tähele, et sõna ""pöörata"" tähendab siin ""pöörata tagurpidi"". ";ei ole ;B
"Raha on pea üles. Deon viskab mündi. Lane viskab mündi. Everett viskab mündi. Lindsay viskab mündi. Kas münt on ikka veel pea üles? Pane tähele, et sõna ""pöörata"" tähendab siin ""pöörata tagurpidi"". ";Jah, jah ;A
"Raha on pea üles. Ubaldo ei viska münti. Katrina viskab mündi. Francis ei viska münti. Lynn viskab mündi. Kas münt on ikka veel pea üles? Pane tähele, et sõna ""pöörata"" tähendab siin ""pöörata tagurpidi"". ";Jah, jah ;A
"Raha on pea üles. Lesley viskab mündi. Luna viskab mündi. Nadia ei viska münti. Adriana viskab mündi. Kas münt on ikka veel pea üles? Pane tähele, et sõna ""pöörata"" tähendab siin ""pöörata tagurpidi"". ";ei ole ;B
"Raha on pea üles. Maureen viskab mündi. Fabian viskab mündi. Claudette viskab mündi. Peyton viskab mündi. Kas münt on ikka veel pea üles? Pane tähele, et sõna ""pöörata"" tähendab siin ""pöörata tagurpidi"". ";Jah, jah ;A
"Raha on pea üles. Gabby ei viska münti. Reese viskab mündi. Leah ei viska münti. Celia ei viska münti. Kas münt on ikka veel pea üles? Pane tähele, et sõna ""pöörata"" tähendab siin ""pöörata tagurpidi"". ";ei ole ;B
"Raha on pea üles. Ramona ei viska münti. Lucy viskab mündi. Gail ei viska münti. Octavio viskab mündi. Kas münt on ikka veel pea üles? Pane tähele, et sõna ""pöörata"" tähendab siin ""pöörata tagurpidi"". ";Jah, jah ;A
"Raha on pea üles. Sue viskab mündi. Cassandra viskab mündi. Cody viskab mündi. Cali ei viska münti. Kas münt on ikka veel pea üles? Pane tähele, et sõna ""pöörata"" tähendab siin ""pöörata tagurpidi"". ";ei ole ;B
"Raha on pea üles. Efrain ei viska münti. Rickey ei viska münti. Jonathan viskab mündi. Kelli ei viska münti. Kas münt on ikka veel pea üles? Pane tähele, et sõna ""pöörata"" tähendab siin ""pöörata tagurpidi"". ";ei ole ;B
"Raha on pea üles. Efren viskab mündi. Rex viskab mündi. Marilyn viskab mündi. Emerson viskab mündi. Kas münt on ikka veel pea üles? Pane tähele, et sõna ""pöörata"" tähendab siin ""pöörata tagurpidi"". ";Jah, jah ;A
"Raha on pea üles. Bobbi ei viska münti. Tamika ei viska münti. Zac ei viska münti. Lala viskab mündi. Kas münt on ikka veel pea üles? Pane tähele, et sõna ""pöörata"" tähendab siin ""pöörata tagurpidi"". ";ei ole ;B
"Raha on pea üles. Kendall ei viska münti. Matias viskab mündi. Kaleb viskab mündi. Randy ei viska münti. Kas münt on ikka veel pea üles? Pane tähele, et sõna ""pöörata"" tähendab siin ""pöörata tagurpidi"". ";Jah, jah ;A
"Raha on pea üles. Armando viskab mündi. Astrid ei viska münti. Anibal viskab mündi. Dakota ei viska münti. Kas münt on ikka veel pea üles? Pane tähele, et sõna ""pöörata"" tähendab siin ""pöörata tagurpidi"". ";Jah, jah ;A
"Raha on pea üles. Lamont ei viska münti. Frederick viskab mündi. Lance viskab mündi. Esperanza ei viska münti. Kas münt on ikka veel pea üles? Pane tähele, et sõna ""pöörata"" tähendab siin ""pöörata tagurpidi"". ";Jah, jah ;A
"Raha on pea üles. Lynda viskab mündi. Danilo viskab mündi. Jonny ei viska münti. Judith ei viska münti. Kas münt on ikka veel pea üles? Pane tähele, et sõna ""pöörata"" tähendab siin ""pöörata tagurpidi"". ";Jah, jah ;A
"Raha on pea üles. Deandre ei viska münti. Moe ei viska münti. Jack ei viska münti. Vanessa ei viska münti. Kas münt on ikka veel pea üles? Pane tähele, et sõna ""pöörata"" tähendab siin ""pöörata tagurpidi"". ";Jah, jah ;A
"Raha on pea üles. Tere ei viska münti. Niko viskab mündi. Keith ei viska münti. Conner ei viska münti. Kas münt on ikka veel pea üles? Pane tähele, et sõna ""pöörata"" tähendab siin ""pöörata tagurpidi"". ";ei ole ;B
"Raha on pea üles. Kelly ei viska münti. Cheryl ei viska münti. Nancy ei viska münti. Jojo ei viska münti. Kas münt on ikka veel pea üles? Pane tähele, et sõna ""pöörata"" tähendab siin ""pöörata tagurpidi"". ";Jah, jah ;A
"Raha on pea üles. Héctor viskab mündi. Daniela viskab mündi. Rossy viskab mündi. Jose Manuel ei viska münti. Kas münt on ikka veel pea üles? Pane tähele, et sõna ""pöörata"" tähendab siin ""pöörata tagurpidi"". ";ei ole ;B
"Raha on pea üles. Carissa viskab mündi. Paige ei viska münti. Consuelo ei viska münti. Izzy viskab mündi. Kas münt on ikka veel pea üles? Pane tähele, et sõna ""pöörata"" tähendab siin ""pöörata tagurpidi"". ";Jah, jah ;A
"Raha on pea üles. Wilson ei viska münti. Abbey ei viska münti. Harold viskab mündi. Nelly viskab mündi. Kas münt on ikka veel pea üles? Pane tähele, et sõna ""pöörata"" tähendab siin ""pöörata tagurpidi"". ";Jah, jah ;A
"Raha on pea üles. Tiara viskab mündi. Araceli viskab mündi. Michaela viskab mündi. Genaro ei viska münti. Kas münt on ikka veel pea üles? Pane tähele, et sõna ""pöörata"" tähendab siin ""pöörata tagurpidi"". ";ei ole ;B
"Raha on pea üles. Alexa ei viska münti. Pilar ei viska münti. Rod ei viska münti. Nicola viskab mündi. Kas münt on ikka veel pea üles? Pane tähele, et sõna ""pöörata"" tähendab siin ""pöörata tagurpidi"". ";ei ole ;B
"Raha on pea üles. Yamileth viskab mündi. Dane viskab mündi. Aron viskab mündi. Dee ei viska münti. Kas münt on ikka veel pea üles? Pane tähele, et sõna ""pöörata"" tähendab siin ""pöörata tagurpidi"". ";ei ole ;B
"Raha on pea üles. Rachel ei viska münti. Alisa ei viska münti. Fanny ei viska münti. Jeffery ei viska münti. Kas münt on ikka veel pea üles? Pane tähele, et sõna ""pöörata"" tähendab siin ""pöörata tagurpidi"". ";Jah, jah ;A
"Raha on pea üles. Manuel viskab mündi. Aurelio ei viska münti. India viskab mündi. Rosalba viskab mündi. Kas münt on ikka veel pea üles? Pane tähele, et sõna ""pöörata"" tähendab siin ""pöörata tagurpidi"". ";ei ole ;B
"Raha on pea üles. Garrett ei viska münti. Eva ei viska münti. Joaquin viskab mündi. Monique ei viska münti. Kas münt on ikka veel pea üles? Pane tähele, et sõna ""pöörata"" tähendab siin ""pöörata tagurpidi"". ";ei ole ;B
"Raha on pea üles. Ivy viskab mündi. Romeo ei viska münti. Jana viskab mündi. Ej ei viska münti. Kas münt on ikka veel pea üles? Pane tähele, et sõna ""pöörata"" tähendab siin ""pöörata tagurpidi"". ";Jah, jah ;A
"Raha on pea üles. Yajaira viskab mündi. Terrell viskab mündi. Adam viskab mündi. Lexie viskab mündi. Kas münt on ikka veel pea üles? Pane tähele, et sõna ""pöörata"" tähendab siin ""pöörata tagurpidi"". ";Jah, jah ;A
"Raha on pea üles. Virginia ei viska münti. Juanita ei viska münti. Zak viskab mündi. Wayne ei viska münti. Kas münt on ikka veel pea üles? Pane tähele, et sõna ""pöörata"" tähendab siin ""pöörata tagurpidi"". ";ei ole ;B
"Raha on pea üles. Mari viskab mündi. Ximena viskab mündi. Leo ei viska münti. Antonia ei viska münti. Kas münt on ikka veel pea üles? Pane tähele, et sõna ""pöörata"" tähendab siin ""pöörata tagurpidi"". ";Jah, jah ;A
"Raha on pea üles. Salvador ei viska münti. Sol viskab mündi. Tyler ei viska münti. Kareem viskab mündi. Kas münt on ikka veel pea üles? Pane tähele, et sõna ""pöörata"" tähendab siin ""pöörata tagurpidi"". ";Jah, jah ;A
"Raha on pea üles. Allyson viskab mündi. Mara ei viska münti. Jo viskab mündi. Toni ei viska münti. Kas münt on ikka veel pea üles? Pane tähele, et sõna ""pöörata"" tähendab siin ""pöörata tagurpidi"". ";Jah, jah ;A
"Raha on pea üles. Rocio ei viska münti. Sandy ei viska münti. Anahi viskab mündi. Latasha ei viska münti. Kas münt on ikka veel pea üles? Pane tähele, et sõna ""pöörata"" tähendab siin ""pöörata tagurpidi"". ";ei ole ;B
"Raha on pea üles. Vicki ei viska münti. Dwight viskab mündi. Johnson viskab mündi. Alexandra viskab mündi. Kas münt on ikka veel pea üles? Pane tähele, et sõna ""pöörata"" tähendab siin ""pöörata tagurpidi"". ";ei ole ;B
"Raha on pea üles. Emma viskab mündi. Maryann viskab mündi. Olga ei viska münti. Nataly viskab mündi. Kas münt on ikka veel pea üles? Pane tähele, et sõna ""pöörata"" tähendab siin ""pöörata tagurpidi"". ";ei ole ;B
"Raha on pea üles. Belkis ei viska münti. Wendell viskab mündi. Lissette ei viska münti. Patricia ei viska münti. Kas münt on ikka veel pea üles? Pane tähele, et sõna ""pöörata"" tähendab siin ""pöörata tagurpidi"". ";ei ole ;B
"Raha on pea üles. Ta viskab münti. Gio viskab mündi. Elia viskab mündi. Ramesh ei viska münti. Kas münt on ikka veel pea üles? Pane tähele, et sõna ""pöörata"" tähendab siin ""pöörata tagurpidi"". ";ei ole ;B
"Raha on pea üles. Dallas ei viska münti. Uriel viskab mündi. Brendan viskab mündi. Julian viskab mündi. Kas münt on ikka veel pea üles? Pane tähele, et sõna ""pöörata"" tähendab siin ""pöörata tagurpidi"". ";ei ole ;B
"Raha on pea üles. Sandeep viskab mündi. Graciela ei viska münti. Jai viskab mündi. Xiomara ei viska münti. Kas münt on ikka veel pea üles? Pane tähele, et sõna ""pöörata"" tähendab siin ""pöörata tagurpidi"". ";Jah, jah ;A
"Raha on pea üles. Frank viskab mündi. Trevor ei viska münti. Al ei viska münti. Gabriella viskab mündi. Kas münt on ikka veel pea üles? Pane tähele, et sõna ""pöörata"" tähendab siin ""pöörata tagurpidi"". ";Jah, jah ;A
"Raha on pea üles. Elva viskab mündi. Kari viskab mündi. Shirley ei viska münti. Gilberto viskab mündi. Kas münt on ikka veel pea üles? Pane tähele, et sõna ""pöörata"" tähendab siin ""pöörata tagurpidi"". ";ei ole ;B
"Raha on pea üles. Alonzo ei viska münti. Dorothy ei viska münti. Alfred viskab mündi. Rodriguez viskab mündi. Kas münt on ikka veel pea üles? Pane tähele, et sõna ""pöörata"" tähendab siin ""pöörata tagurpidi"". ";Jah, jah ;A
"Raha on pea üles. Ernest ei viska münti. Yuri viskab mündi. Camila ei viska münti. Ashlee viskab mündi. Kas münt on ikka veel pea üles? Pane tähele, et sõna ""pöörata"" tähendab siin ""pöörata tagurpidi"". ";Jah, jah ;A
"Raha on pea üles. Jim viskab mündi. Dwayne ei viska münti. Ricky ei viska münti. Artemio viskab mündi. Kas münt on ikka veel pea üles? Pane tähele, et sõna ""pöörata"" tähendab siin ""pöörata tagurpidi"". ";Jah, jah ;A
"Raha on pea üles. Noah ei viska münti. Aubrey viskab mündi. Cesar ei viska münti. Eliana ei viska münti. Kas münt on ikka veel pea üles? Pane tähele, et sõna ""pöörata"" tähendab siin ""pöörata tagurpidi"". ";ei ole ;B
"Raha on pea üles. Shawn ei viska münti. Tracie viskab mündi. Lynne ei viska münti. Leila viskab mündi. Kas münt on ikka veel pea üles? Pane tähele, et sõna ""pöörata"" tähendab siin ""pöörata tagurpidi"". ";Jah, jah ;A
"Raha on pea üles. Norma ei viska münti. Timothy viskab mündi. Willie ei viska münti. Mathew ei viska münti. Kas münt on ikka veel pea üles? Pane tähele, et sõna ""pöörata"" tähendab siin ""pöörata tagurpidi"". ";ei ole ;B
"Raha on pea üles. Maricruz ei viska münti. Alfredo ei viska münti. Barry viskab mündi. Deepak viskab mündi. Kas münt on ikka veel pea üles? Pane tähele, et sõna ""pöörata"" tähendab siin ""pöörata tagurpidi"". ";Jah, jah ;A
"Raha on pea üles. Julia viskab mündi. Kirsten ei viska münti. Pam viskab mündi. Adan viskab mündi. Kas münt on ikka veel pea üles? Pane tähele, et sõna ""pöörata"" tähendab siin ""pöörata tagurpidi"". ";ei ole ;B
"Raha on pea üles. Adalberto viskab mündi. Jamal ei viska münti. Carter viskab mündi. Robyn ei viska münti. Kas münt on ikka veel pea üles? Pane tähele, et sõna ""pöörata"" tähendab siin ""pöörata tagurpidi"". ";Jah, jah ;A
"Raha on pea üles. Nicky viskab mündi. Eden ei viska münti. James ei viska münti. Matt ei viska münti. Kas münt on ikka veel pea üles? Pane tähele, et sõna ""pöörata"" tähendab siin ""pöörata tagurpidi"". ";ei ole ;B
"Raha on pea üles. Jaime viskab mündi. Brad viskab mündi. Levi viskab mündi. Emmanuel viskab mündi. Kas münt on ikka veel pea üles? Pane tähele, et sõna ""pöörata"" tähendab siin ""pöörata tagurpidi"". ";Jah, jah ;A
"Raha on pea üles. Kristie ei viska münti. Johnnie viskab mündi. Marisa viskab mündi. Derick ei viska münti. Kas münt on ikka veel pea üles? Pane tähele, et sõna ""pöörata"" tähendab siin ""pöörata tagurpidi"". ";Jah, jah ;A
"Raha on pea üles. Wilfredo ei viska münti. Abby ei viska münti. Karthik ei viska münti. Perry ei viska münti. Kas münt on ikka veel pea üles? Pane tähele, et sõna ""pöörata"" tähendab siin ""pöörata tagurpidi"". ";Jah, jah ;A
"Raha on pea üles. Pancho viskab mündi. Claudio viskab mündi. Elaine ei viska münti. Vicky ei viska münti. Kas münt on ikka veel pea üles? Pane tähele, et sõna ""pöörata"" tähendab siin ""pöörata tagurpidi"". ";Jah, jah ;A
"Raha on pea üles. Teri ei viska münti. Lina ei viska münti. Mery viskab mündi. Melanie viskab mündi. Kas münt on ikka veel pea üles? Pane tähele, et sõna ""pöörata"" tähendab siin ""pöörata tagurpidi"". ";Jah, jah ;A
"Raha on pea üles. Selene ei viska münti. Felix ei viska münti. Milton ei viska münti. Yessica viskab mündi. Kas münt on ikka veel pea üles? Pane tähele, et sõna ""pöörata"" tähendab siin ""pöörata tagurpidi"". ";ei ole ;B
"Raha on pea üles. Gus ei viska münti. Brock viskab mündi. Ava ei viska münti. Jenna viskab mündi. Kas münt on ikka veel pea üles? Pane tähele, et sõna ""pöörata"" tähendab siin ""pöörata tagurpidi"". ";Jah, jah ;A
"Raha on pea üles. Karen ei viska münti. Hector viskab mündi. Mai viskab mündi. Steven viskab mündi. Kas münt on ikka veel pea üles? Pane tähele, et sõna ""pöörata"" tähendab siin ""pöörata tagurpidi"". ";ei ole ;B
"Raha on pea üles. Alexander ei viska münti. Marina ei viska münti. Valentina ei viska münti. Mila ei viska münti. Kas münt on ikka veel pea üles? Pane tähele, et sõna ""pöörata"" tähendab siin ""pöörata tagurpidi"". ";Jah, jah ;A
"Raha on pea üles. Kristine ei viska münti. Van viskab mündi. Marisol viskab mündi. Preston ei viska münti. Kas münt on ikka veel pea üles? Pane tähele, et sõna ""pöörata"" tähendab siin ""pöörata tagurpidi"". ";Jah, jah ;A
"Raha on pea üles. Evan ei viska münti. Ray viskab mündi. Sofia viskab mündi. Alonso ei viska münti. Kas münt on ikka veel pea üles? Pane tähele, et sõna ""pöörata"" tähendab siin ""pöörata tagurpidi"". ";Jah, jah ;A
"Raha on pea üles. Alfonso ei viska münti. Collin ei viska münti. Amado ei viska münti. Dick viskab mündi. Kas münt on ikka veel pea üles? Pane tähele, et sõna ""pöörata"" tähendab siin ""pöörata tagurpidi"". ";ei ole ;B
"Raha on pea üles. Les ei viska münti. Jun viskab mündi. Noe viskab mündi. Juliana viskab mündi. Kas münt on ikka veel pea üles? Pane tähele, et sõna ""pöörata"" tähendab siin ""pöörata tagurpidi"". ";ei ole ;B
"Raha on pea üles. Damian viskab mündi. Crystal viskab mündi. Nisha viskab mündi. Hernan ei viska münti. Kas münt on ikka veel pea üles? Pane tähele, et sõna ""pöörata"" tähendab siin ""pöörata tagurpidi"". ";ei ole ;B
"Raha on pea üles. Rosario ei viska münti. Manoj ei viska münti. Adolfo viskab mündi. Reina ei viska münti. Kas münt on ikka veel pea üles? Pane tähele, et sõna ""pöörata"" tähendab siin ""pöörata tagurpidi"". ";ei ole ;B
"Raha on pea üles. Marcia ei viska münti. Belen ei viska münti. Reyna viskab mündi. Britney viskab mündi. Kas münt on ikka veel pea üles? Pane tähele, et sõna ""pöörata"" tähendab siin ""pöörata tagurpidi"". ";Jah, jah ;A
"Raha on pea üles. Idalia viskab mündi. Arnoldo ei viska münti. Marla ei viska münti. Duane ei viska münti. Kas münt on ikka veel pea üles? Pane tähele, et sõna ""pöörata"" tähendab siin ""pöörata tagurpidi"". ";ei ole ;B
"Raha on pea üles. Katia ei viska münti. Mina ei viska münti. Cam ei viska münti. Ronda ei viska münti. Kas münt on ikka veel pea üles? Pane tähele, et sõna ""pöörata"" tähendab siin ""pöörata tagurpidi"". ";Jah, jah ;A
"Raha on pea üles. Rashad ei viska münti. Savannah viskab mündi. Flavio ei viska münti. Bert ei viska münti. Kas münt on ikka veel pea üles? Pane tähele, et sõna ""pöörata"" tähendab siin ""pöörata tagurpidi"". ";ei ole ;B
"Raha on pea üles. Leanne viskab mündi. Lulu ei viska münti. Lopez ei viska münti. JP ei viska münti. Kas münt on ikka veel pea üles? Pane tähele, et sõna ""pöörata"" tähendab siin ""pöörata tagurpidi"". ";ei ole ;B
"Raha on pea üles. Lora ei viska münti. Alberto ei viska münti. Cathy ei viska münti. Kara ei viska münti. Kas münt on ikka veel pea üles? Pane tähele, et sõna ""pöörata"" tähendab siin ""pöörata tagurpidi"". ";Jah, jah ;A
"Raha on pea üles. Roni viskab mündi. Nikita ei viska münti. Hannah viskab mündi. Kiana ei viska münti. Kas münt on ikka veel pea üles? Pane tähele, et sõna ""pöörata"" tähendab siin ""pöörata tagurpidi"". ";Jah, jah ;A
"Raha on pea üles. Edwin viskab mündi. Armastus ei viska münti. Curt viskab mündi. Damon viskab mündi. Kas münt on ikka veel pea üles? Pane tähele, et sõna ""pöörata"" tähendab siin ""pöörata tagurpidi"". ";ei ole ;B
"Raha on pea üles. Missy viskab mündi. Erin viskab mündi. Lorna viskab mündi. Lenny viskab mündi. Kas münt on ikka veel pea üles? Pane tähele, et sõna ""pöörata"" tähendab siin ""pöörata tagurpidi"". ";Jah, jah ;A
"Raha on pea üles. Vijay viskab mündi. Sherrie ei viska münti. Doug ei viska münti. Suzy viskab mündi. Kas münt on ikka veel pea üles? Pane tähele, et sõna ""pöörata"" tähendab siin ""pöörata tagurpidi"". ";Jah, jah ;A
"Raha on pea üles. Claudia viskab mündi. Cole ei viska münti. Matthew ei viska münti. Juan Pablo ei viska münti. Kas münt on ikka veel pea üles? Pane tähele, et sõna ""pöörata"" tähendab siin ""pöörata tagurpidi"". ";ei ole ;B
"Raha on pea üles. Arturo ei viska münti. Dominick viskab mündi. Christa ei viska münti. Myles ei viska münti. Kas münt on ikka veel pea üles? Pane tähele, et sõna ""pöörata"" tähendab siin ""pöörata tagurpidi"". ";ei ole ;B
"Raha on pea üles. Marc viskab mündi. Doris viskab mündi. Ernie ei viska münti. Gary viskab mündi. Kas münt on ikka veel pea üles? Pane tähele, et sõna ""pöörata"" tähendab siin ""pöörata tagurpidi"". ";ei ole ;B
"Raha on pea üles. Teresa viskab mündi. Reid ei viska münti. Karin ei viska münti. Gracie ei viska münti. Kas münt on ikka veel pea üles? Pane tähele, et sõna ""pöörata"" tähendab siin ""pöörata tagurpidi"". ";ei ole ;B
"Raha on pea üles. Rahul viskab mündi. Praveen viskab mündi. Isaiah viskab mündi. Elsie ei viska münti. Kas münt on ikka veel pea üles? Pane tähele, et sõna ""pöörata"" tähendab siin ""pöörata tagurpidi"". ";ei ole ;B
"Raha on pea üles. Miranda ei viska münti. Jacques ei viska münti. Clarence viskab mündi. Chandra viskab mündi. Kas münt on ikka veel pea üles? Pane tähele, et sõna ""pöörata"" tähendab siin ""pöörata tagurpidi"". ";Jah, jah ;A
"Raha on pea üles. June viskab mündi. Robin ei viska münti. Josie viskab mündi. Bo ei viska münti. Kas münt on ikka veel pea üles? Pane tähele, et sõna ""pöörata"" tähendab siin ""pöörata tagurpidi"". ";Jah, jah ;A
"Raha on pea üles. Luisa ei viska münti. Tatiana ei viska münti. Drake ei viska münti. Hillary ei viska münti. Kas münt on ikka veel pea üles? Pane tähele, et sõna ""pöörata"" tähendab siin ""pöörata tagurpidi"". ";Jah, jah ;A
"Raha on pea üles. Louise viskab mündi. Mariano ei viska münti. Laura ei viska münti. Gerardo viskab mündi. Kas münt on ikka veel pea üles? Pane tähele, et sõna ""pöörata"" tähendab siin ""pöörata tagurpidi"". ";Jah, jah ;A
"Raha on pea üles. Täht viskab mündi. Jude ei viska münti. Rosemarie ei viska münti. Raquel ei viska münti. Kas münt on ikka veel pea üles? Pane tähele, et sõna ""pöörata"" tähendab siin ""pöörata tagurpidi"". ";ei ole ;B
"Raha on pea üles. Clark ei viska münti. Jenn viskab mündi. Diane viskab mündi. Blair ei viska münti. Kas münt on ikka veel pea üles? Pane tähele, et sõna ""pöörata"" tähendab siin ""pöörata tagurpidi"". ";Jah, jah ;A
"Raha on pea üles. Lalo ei viska münti. Yolanda viskab mündi. Elida ei viska münti. Ester viskab mündi. Kas münt on ikka veel pea üles? Pane tähele, et sõna ""pöörata"" tähendab siin ""pöörata tagurpidi"". ";Jah, jah ;A
"Raha on pea üles. Bethany ei viska münti. Rakesh ei viska münti. Christine ei viska münti. Dinesh viskab mündi. Kas münt on ikka veel pea üles? Pane tähele, et sõna ""pöörata"" tähendab siin ""pöörata tagurpidi"". ";ei ole ;B
"Raha on pea üles. Nery viskab mündi. Cindy viskab mündi. Jess viskab mündi. Chris viskab mündi. Kas münt on ikka veel pea üles? Pane tähele, et sõna ""pöörata"" tähendab siin ""pöörata tagurpidi"". ";Jah, jah ;A
"Raha on pea üles. Miriam ei viska münti. Brandy viskab mündi. Bertha viskab mündi. Renato viskab mündi. Kas münt on ikka veel pea üles? Pane tähele, et sõna ""pöörata"" tähendab siin ""pöörata tagurpidi"". ";ei ole ;B
"Raha on pea üles. Abel viskab mündi. Mallory viskab mündi. Theresa ei viska münti. Quinn viskab mündi. Kas münt on ikka veel pea üles? Pane tähele, et sõna ""pöörata"" tähendab siin ""pöörata tagurpidi"". ";ei ole ;B
"Raha on pea üles. Celso ei viska münti. Tracy ei viska münti. Winston viskab mündi. Anton ei viska münti. Kas münt on ikka veel pea üles? Pane tähele, et sõna ""pöörata"" tähendab siin ""pöörata tagurpidi"". ";ei ole ;B
"Raha on pea üles. Lore ei viska münti. Erasmo viskab mündi. Louis viskab mündi. David ei viska münti. Kas münt on ikka veel pea üles? Pane tähele, et sõna ""pöörata"" tähendab siin ""pöörata tagurpidi"". ";Jah, jah ;A
"Raha on pea üles. Cristobal viskab mündi. Dania ei viska münti. Li ei viska münti. Anna viskab mündi. Kas münt on ikka veel pea üles? Pane tähele, et sõna ""pöörata"" tähendab siin ""pöörata tagurpidi"". ";Jah, jah ;A
"Raha on pea üles. Wally viskab mündi. Claire ei viska münti. Helen viskab mündi. Nacho ei viska münti. Kas münt on ikka veel pea üles? Pane tähele, et sõna ""pöörata"" tähendab siin ""pöörata tagurpidi"". ";Jah, jah ;A
"Raha on pea üles. Rosa viskab mündi. Lana viskab mündi. Curtis ei viska münti. Rae ei viska münti. Kas münt on ikka veel pea üles? Pane tähele, et sõna ""pöörata"" tähendab siin ""pöörata tagurpidi"". ";Jah, jah ;A
"Raha on pea üles. Angeles viskab mündi. Richard viskab mündi. Luciana viskab mündi. Darlene ei viska münti. Kas münt on ikka veel pea üles? Pane tähele, et sõna ""pöörata"" tähendab siin ""pöörata tagurpidi"". ";ei ole ;B
"Raha on pea üles. Jodi viskab mündi. Judi viskab mündi. Nia ei viska münti. Raj viskab mündi. Kas münt on ikka veel pea üles? Pane tähele, et sõna ""pöörata"" tähendab siin ""pöörata tagurpidi"". ";ei ole ;B
"Raha on pea üles. Irvin ei viska münti. Brittney viskab mündi. Vince viskab mündi. Lucas ei viska münti. Kas münt on ikka veel pea üles? Pane tähele, et sõna ""pöörata"" tähendab siin ""pöörata tagurpidi"". ";Jah, jah ;A
"Raha on pea üles. Guille ei viska münti. Lisa viskab mündi. Harvey ei viska münti. Gina ei viska münti. Kas münt on ikka veel pea üles? Pane tähele, et sõna ""pöörata"" tähendab siin ""pöörata tagurpidi"". ";ei ole ;B
"Raha on pea üles. Renata viskab mündi. Mariela ei viska münti. Mona ei viska münti. Kristin viskab mündi. Kas münt on ikka veel pea üles? Pane tähele, et sõna ""pöörata"" tähendab siin ""pöörata tagurpidi"". ";Jah, jah ;A
"Raha on pea üles. Johan viskab mündi. Damien viskab mündi. Serena viskab mündi. Grace viskab mündi. Kas münt on ikka veel pea üles? Pane tähele, et sõna ""pöörata"" tähendab siin ""pöörata tagurpidi"". ";Jah, jah ;A
"Raha on pea üles. Aj ei viska münti. JD viskab mündi. Maddie ei viska münti. Francisca ei viska münti. Kas münt on ikka veel pea üles? Pane tähele, et sõna ""pöörata"" tähendab siin ""pöörata tagurpidi"". ";ei ole ;B
"Raha on pea üles. Daryl ei viska münti. Owen ei viska münti. Myra viskab mündi. Aaron ei viska münti. Kas münt on ikka veel pea üles? Pane tähele, et sõna ""pöörata"" tähendab siin ""pöörata tagurpidi"". ";ei ole ;B
"Raha on pea üles. Nick viskab mündi. Ada viskab mündi. Stephany ei viska münti. Suzie viskab mündi. Kas münt on ikka veel pea üles? Pane tähele, et sõna ""pöörata"" tähendab siin ""pöörata tagurpidi"". ";ei ole ;B
"Raha on pea üles. Elle viskab mündi. Alex ei viska münti. Irma viskab mündi. Stephan viskab mündi. Kas münt on ikka veel pea üles? Pane tähele, et sõna ""pöörata"" tähendab siin ""pöörata tagurpidi"". ";ei ole ;B
"Raha on pea üles. Arnold ei viska münti. Aidan ei viska münti. Ally viskab mündi. Ami ei viska münti. Kas münt on ikka veel pea üles? Pane tähele, et sõna ""pöörata"" tähendab siin ""pöörata tagurpidi"". ";ei ole ;B
"Raha on pea üles. Gabino ei viska münti. Kayla viskab mündi. Laurie ei viska münti. Familia viskab mündi. Kas münt on ikka veel pea üles? Pane tähele, et sõna ""pöörata"" tähendab siin ""pöörata tagurpidi"". ";Jah, jah ;A
"Raha on pea üles. Logan ei viska münti. Ely ei viska münti. Abbie ei viska münti. Colleen ei viska münti. Kas münt on ikka veel pea üles? Pane tähele, et sõna ""pöörata"" tähendab siin ""pöörata tagurpidi"". ";Jah, jah ;A
"Raha on pea üles. Kristy viskab mündi. Brandi ei viska münti. Lizeth ei viska münti. Petra viskab mündi. Kas münt on ikka veel pea üles? Pane tähele, et sõna ""pöörata"" tähendab siin ""pöörata tagurpidi"". ";Jah, jah ;A
"Raha on pea üles. Hazel ei viska münti. Gabrielle viskab mündi. Tre ei viska münti. Dalton ei viska münti. Kas münt on ikka veel pea üles? Pane tähele, et sõna ""pöörata"" tähendab siin ""pöörata tagurpidi"". ";ei ole ;B
"Raha on pea üles. Conrad viskab mündi. Marcella ei viska münti. Annette viskab mündi. Esteban viskab mündi. Kas münt on ikka veel pea üles? Pane tähele, et sõna ""pöörata"" tähendab siin ""pöörata tagurpidi"". ";ei ole ;B
"Raha on pea üles. Isaac ei viska münti. Reyes ei viska münti. Carly viskab mündi. Tania viskab mündi. Kas münt on ikka veel pea üles? Pane tähele, et sõna ""pöörata"" tähendab siin ""pöörata tagurpidi"". ";Jah, jah ;A
"Raha on pea üles. Wilma viskab mündi. Margie viskab mündi. Amber viskab mündi. Sergio viskab mündi. Kas münt on ikka veel pea üles? Pane tähele, et sõna ""pöörata"" tähendab siin ""pöörata tagurpidi"". ";Jah, jah ;A
"Raha on pea üles. Sonya viskab mündi. Eddy ei viska münti. Carol ei viska münti. Yung viskab mündi. Kas münt on ikka veel pea üles? Pane tähele, et sõna ""pöörata"" tähendab siin ""pöörata tagurpidi"". ";Jah, jah ;A
"Raha on pea üles. Leandro viskab mündi. Maricela ei viska münti. Genevieve viskab mündi. Lesly ei viska münti. Kas münt on ikka veel pea üles? Pane tähele, et sõna ""pöörata"" tähendab siin ""pöörata tagurpidi"". ";Jah, jah ;A
"Raha on pea üles. Andy ei viska münti. Cecilia viskab mündi. Gretchen viskab mündi. Sandi viskab mündi. Kas münt on ikka veel pea üles? Pane tähele, et sõna ""pöörata"" tähendab siin ""pöörata tagurpidi"". ";ei ole ;B
"Raha on pea üles. Darwin viskab mündi. Colin viskab mündi. Cj viskab mündi. Abhishek viskab mündi. Kas münt on ikka veel pea üles? Pane tähele, et sõna ""pöörata"" tähendab siin ""pöörata tagurpidi"". ";Jah, jah ;A
"Raha on pea üles. Lupita viskab mündi. Cyndi viskab mündi. Kay ei viska münti. Derrick viskab mündi. Kas münt on ikka veel pea üles? Pane tähele, et sõna ""pöörata"" tähendab siin ""pöörata tagurpidi"". ";ei ole ;B
"Raha on pea üles. Felipe ei viska münti. Heidi viskab mündi. Nino ei viska münti. Bradley ei viska münti. Kas münt on ikka veel pea üles? Pane tähele, et sõna ""pöörata"" tähendab siin ""pöörata tagurpidi"". ";ei ole ;B
"Raha on pea üles. Dorian viskab mündi. Mayra viskab mündi. Freddie ei viska münti. Magaly viskab mündi. Kas münt on ikka veel pea üles? Pane tähele, et sõna ""pöörata"" tähendab siin ""pöörata tagurpidi"". ";ei ole ;B
"Raha on pea üles. Flora viskab mündi. Warren viskab mündi. Gwendolyn ei viska münti. Alissa ei viska münti. Kas münt on ikka veel pea üles? Pane tähele, et sõna ""pöörata"" tähendab siin ""pöörata tagurpidi"". ";Jah, jah ;A
"Raha on pea üles. Äs viskab mündi. Rosy ei viska münti. Kimberly ei viska münti. Jean ei viska münti. Kas münt on ikka veel pea üles? Pane tähele, et sõna ""pöörata"" tähendab siin ""pöörata tagurpidi"". ";ei ole ;B
"Raha on pea üles. Jeremy ei viska münti. Simone viskab mündi. Alondra ei viska münti. Wyatt ei viska münti. Kas münt on ikka veel pea üles? Pane tähele, et sõna ""pöörata"" tähendab siin ""pöörata tagurpidi"". ";ei ole ;B
"Raha on pea üles. Deanna ei viska münti. Terri ei viska münti. Gabriela viskab mündi. Jonah viskab mündi. Kas münt on ikka veel pea üles? Pane tähele, et sõna ""pöörata"" tähendab siin ""pöörata tagurpidi"". ";Jah, jah ;A
"Raha on pea üles. Conor ei viska münti. Randall ei viska münti. Oleg viskab mündi. Stephanie ei viska münti. Kas münt on ikka veel pea üles? Pane tähele, et sõna ""pöörata"" tähendab siin ""pöörata tagurpidi"". ";ei ole ;B
"Raha on pea üles. Õnn viskab mündi. Valentin ei viska münti. Micah viskab mündi. Clara viskab mündi. Kas münt on ikka veel pea üles? Pane tähele, et sõna ""pöörata"" tähendab siin ""pöörata tagurpidi"". ";ei ole ;B
"Raha on pea üles. Dusty ei viska münti. Yanet viskab mündi. Hortencia viskab mündi. Lili viskab mündi. Kas münt on ikka veel pea üles? Pane tähele, et sõna ""pöörata"" tähendab siin ""pöörata tagurpidi"". ";ei ole ;B
"Raha on pea üles. Natalie viskab mündi. Gilbert viskab mündi. Brian ei viska münti. Sanchez ei viska münti. Kas münt on ikka veel pea üles? Pane tähele, et sõna ""pöörata"" tähendab siin ""pöörata tagurpidi"". ";Jah, jah ;A
"Raha on pea üles. Ulises viskab mündi. Derek viskab mündi. Adrianna viskab mündi. Eugene viskab mündi. Kas münt on ikka veel pea üles? Pane tähele, et sõna ""pöörata"" tähendab siin ""pöörata tagurpidi"". ";Jah, jah ;A
"Raha on pea üles. Carlitos viskab mündi. Damaris viskab mündi. Nikhil ei viska münti. Jennie ei viska münti. Kas münt on ikka veel pea üles? Pane tähele, et sõna ""pöörata"" tähendab siin ""pöörata tagurpidi"". ";Jah, jah ;A
"Raha on pea üles. Yessenia ei viska münti. Geraldine viskab mündi. Minerva viskab mündi. Tanya viskab mündi. Kas münt on ikka veel pea üles? Pane tähele, et sõna ""pöörata"" tähendab siin ""pöörata tagurpidi"". ";ei ole ;B
"Raha on pea üles. Nicolas ei viska münti. Aaliyah viskab mündi. Pascual ei viska münti. Rob ei viska münti. Kas münt on ikka veel pea üles? Pane tähele, et sõna ""pöörata"" tähendab siin ""pöörata tagurpidi"". ";ei ole ;B
"Raha on pea üles. Brandon ei viska münti. Ivonne ei viska münti. Jefferson viskab mündi. Isabella ei viska münti. Kas münt on ikka veel pea üles? Pane tähele, et sõna ""pöörata"" tähendab siin ""pöörata tagurpidi"". ";ei ole ;B
"Raha on pea üles. Pedro viskab mündi. Leopoldo ei viska münti. Tee ei viska münti. Mar viskab mündi. Kas münt on ikka veel pea üles? Pane tähele, et sõna ""pöörata"" tähendab siin ""pöörata tagurpidi"". ";Jah, jah ;A
"Raha on pea üles. Pariis ei viska münti. Jimmie ei viska münti. Andrew viskab mündi. Ramón viskab mündi. Kas münt on ikka veel pea üles? Pane tähele, et sõna ""pöörata"" tähendab siin ""pöörata tagurpidi"". ";Jah, jah ;A
"Raha on pea üles. Angelica viskab mündi. Tariq viskab mündi. Ursula ei viska münti. Nena ei viska münti. Kas münt on ikka veel pea üles? Pane tähele, et sõna ""pöörata"" tähendab siin ""pöörata tagurpidi"". ";Jah, jah ;A
"Raha on pea üles. Luz ei viska münti. Terence viskab mündi. Vanem ei viska münti. Jazmin ei viska münti. Kas münt on ikka veel pea üles? Pane tähele, et sõna ""pöörata"" tähendab siin ""pöörata tagurpidi"". ";ei ole ;B
"Raha on pea üles. Roberta ei viska münti. Mauro viskab mündi. Clint viskab mündi. Marcela viskab mündi. Kas münt on ikka veel pea üles? Pane tähele, et sõna ""pöörata"" tähendab siin ""pöörata tagurpidi"". ";ei ole ;B
"Raha on pea üles. Adrian viskab mündi. Marlon viskab mündi. Karla viskab mündi. Florence viskab mündi. Kas münt on ikka veel pea üles? Pane tähele, et sõna ""pöörata"" tähendab siin ""pöörata tagurpidi"". ";Jah, jah ;A
"Raha on pea üles. Skyler ei viska münti. Oliver ei viska münti. Cristy ei viska münti. Sierra viskab mündi. Kas münt on ikka veel pea üles? Pane tähele, et sõna ""pöörata"" tähendab siin ""pöörata tagurpidi"". ";ei ole ;B
"Raha on pea üles. Barbie ei viska münti. Desiree ei viska münti. Yaneth ei viska münti. Dre ei viska münti. Kas münt on ikka veel pea üles? Pane tähele, et sõna ""pöörata"" tähendab siin ""pöörata tagurpidi"". ";Jah, jah ;A
"Raha on pea üles. Dan ei viska münti. Ruth ei viska münti. Xavier viskab mündi. Isidro ei viska münti. Kas münt on ikka veel pea üles? Pane tähele, et sõna ""pöörata"" tähendab siin ""pöörata tagurpidi"". ";ei ole ;B
"Raha on pea üles. Philip viskab mündi. Antonius viskab mündi. Iris viskab mündi. Alicia viskab mündi. Kas münt on ikka veel pea üles? Pane tähele, et sõna ""pöörata"" tähendab siin ""pöörata tagurpidi"". ";Jah, jah ;A
"Raha on pea üles. Corey viskab mündi. Haldja ei viska münti. Tino viskab mündi. Melvin viskab mündi. Kas münt on ikka veel pea üles? Pane tähele, et sõna ""pöörata"" tähendab siin ""pöörata tagurpidi"". ";ei ole ;B
"Raha on pea üles. Russell ei viska münti. Mitchell ei viska münti. Bee viskab mündi. Usk ei lase raha ümber keerata. Kas münt on ikka veel pea üles? Pane tähele, et sõna ""pöörata"" tähendab siin ""pöörata tagurpidi"". ";ei ole ;B
"Raha on pea üles. Bri ei viska münti. Roger viskab mündi. Eve ei viska münti. Diana viskab mündi. Kas münt on ikka veel pea üles? Pane tähele, et sõna ""pöörata"" tähendab siin ""pöörata tagurpidi"". ";Jah, jah ;A
"Raha on pea üles. Gisela viskab mündi. Gerald ei viska münti. Mackenzie viskab mündi. Ashley viskab mündi. Kas münt on ikka veel pea üles? Pane tähele, et sõna ""pöörata"" tähendab siin ""pöörata tagurpidi"". ";ei ole ;B
"Raha on pea üles. Vinny ei viska münti. Landon viskab mündi. Miguel viskab mündi. Caitlyn ei viska münti. Kas münt on ikka veel pea üles? Pane tähele, et sõna ""pöörata"" tähendab siin ""pöörata tagurpidi"". ";Jah, jah ;A
"Raha on pea üles. Constance viskab mündi. Nicholas ei viska münti. Will viskab mündi. Armastus viskab mündi. Kas münt on ikka veel pea üles? Pane tähele, et sõna ""pöörata"" tähendab siin ""pöörata tagurpidi"". ";ei ole ;B
"Raha on pea üles. Jeannie ei viska münti. Kenneth ei viska münti. Porfirio ei viska münti. Ezequiel viskab mündi. Kas münt on ikka veel pea üles? Pane tähele, et sõna ""pöörata"" tähendab siin ""pöörata tagurpidi"". ";ei ole ;B
"Raha on pea üles. Mario viskab mündi. Pierre ei viska münti. Amit viskab mündi. Nelson ei viska münti. Kas münt on ikka veel pea üles? Pane tähele, et sõna ""pöörata"" tähendab siin ""pöörata tagurpidi"". ";Jah, jah ;A
"Raha on pea üles. Mercedes ei viska münti. Adela viskab mündi. Susana viskab mündi. Rose ei viska münti. Kas münt on ikka veel pea üles? Pane tähele, et sõna ""pöörata"" tähendab siin ""pöörata tagurpidi"". ";Jah, jah ;A
"Raha on pea üles. Fred viskab mündi. Nolan viskab mündi. Jonathan viskab mündi. Carson ei viska münti. Kas münt on ikka veel pea üles? Pane tähele, et sõna ""pöörata"" tähendab siin ""pöörata tagurpidi"". ";ei ole ;B
"Raha on pea üles. Caroline viskab mündi. Demetrius viskab mündi. Fidel ei viska münti. Saalomon viskab mündi. Kas münt on ikka veel pea üles? Pane tähele, et sõna ""pöörata"" tähendab siin ""pöörata tagurpidi"". ";ei ole ;B
"Raha on pea üles. Julio ei viska münti. Sidney viskab mündi. Aiden viskab mündi. Shay ei viska münti. Kas münt on ikka veel pea üles? Pane tähele, et sõna ""pöörata"" tähendab siin ""pöörata tagurpidi"". ";Jah, jah ;A
"Raha on pea üles. Mabel ei viska münti. Estela viskab mündi. Irene viskab mündi. May viskab mündi. Kas münt on ikka veel pea üles? Pane tähele, et sõna ""pöörata"" tähendab siin ""pöörata tagurpidi"". ";ei ole ;B
"Raha on pea üles. Marcus viskab mündi. Ramirez ei viska münti. Junior viskab mündi. Arely ei viska münti. Kas münt on ikka veel pea üles? Pane tähele, et sõna ""pöörata"" tähendab siin ""pöörata tagurpidi"". ";Jah, jah ;A
"Raha on pea üles. Todd viskab mündi. Joni viskab mündi. Gil viskab mündi. Fran ei viska münti. Kas münt on ikka veel pea üles? Pane tähele, et sõna ""pöörata"" tähendab siin ""pöörata tagurpidi"". ";ei ole ;B
"Raha on pea üles. Gerson viskab mündi. Roxanne ei viska münti. Deborah ei viska münti. Nathaniel ei viska münti. Kas münt on ikka veel pea üles? Pane tähele, et sõna ""pöörata"" tähendab siin ""pöörata tagurpidi"". ";ei ole ;B
"Raha on pea üles. Colton viskab mündi. Dexter ei viska münti. Katy viskab mündi. Brayden ei viska münti. Kas münt on ikka veel pea üles? Pane tähele, et sõna ""pöörata"" tähendab siin ""pöörata tagurpidi"". ";Jah, jah ;A
"Raha on pea üles. Tori ei viska münti. Mariam ei viska münti. Gaby ei viska münti. Brayan ei viska münti. Kas münt on ikka veel pea üles? Pane tähele, et sõna ""pöörata"" tähendab siin ""pöörata tagurpidi"". ";Jah, jah ;A
"Raha on pea üles. Michel ei viska münti. Roy ei viska münti. Sergei ei viska münti. Jessie ei viska münti. Kas münt on ikka veel pea üles? Pane tähele, et sõna ""pöörata"" tähendab siin ""pöörata tagurpidi"". ";Jah, jah ;A
"Raha on pea üles. Anil ei viska münti. Enrique viskab mündi. Jimmy viskab mündi. Johnny ei viska münti. Kas münt on ikka veel pea üles? Pane tähele, et sõna ""pöörata"" tähendab siin ""pöörata tagurpidi"". ";Jah, jah ;A
"Raha on pea üles. Ángel viskab mündi. Carlton ei viska münti. Sameer ei viska münti. Martinez viskab mündi. Kas münt on ikka veel pea üles? Pane tähele, et sõna ""pöörata"" tähendab siin ""pöörata tagurpidi"". ";Jah, jah ;A
"Raha on pea üles. Maritza ei viska münti. Vanaema ei viska münti. Loretta viskab mündi. Eric ei viska münti. Kas münt on ikka veel pea üles? Pane tähele, et sõna ""pöörata"" tähendab siin ""pöörata tagurpidi"". ";ei ole ;B
"Raha on pea üles. Thomas viskab mündi. Cara viskab mündi. Nita ei viska münti. Frances viskab mündi. Kas münt on ikka veel pea üles? Pane tähele, et sõna ""pöörata"" tähendab siin ""pöörata tagurpidi"". ";ei ole ;B
"Raha on pea üles. Chuy ei viska münti. Shane ei viska münti. Jaden ei viska münti. Maynor viskab mündi. Kas münt on ikka veel pea üles? Pane tähele, et sõna ""pöörata"" tähendab siin ""pöörata tagurpidi"". ";ei ole ;B
"Raha on pea üles. Violeta ei viska münti. Clay viskab mündi. Janelle ei viska münti. Mac ei viska münti. Kas münt on ikka veel pea üles? Pane tähele, et sõna ""pöörata"" tähendab siin ""pöörata tagurpidi"". ";ei ole ;B
"Raha on pea üles. Guadalupe ei viska münti. Ebony viskab mündi. Wil viskab mündi. Luke viskab mündi. Kas münt on ikka veel pea üles? Pane tähele, et sõna ""pöörata"" tähendab siin ""pöörata tagurpidi"". ";ei ole ;B
"Raha on pea üles. Jenni viskab mündi. Leonel viskab mündi. Michael ei viska münti. Kat ei viska münti. Kas münt on ikka veel pea üles? Pane tähele, et sõna ""pöörata"" tähendab siin ""pöörata tagurpidi"". ";Jah, jah ;A
"Raha on pea üles. Yazmin viskab mündi. Lea ei viska münti. Rodrigo ei viska münti. Sammy viskab mündi. Kas münt on ikka veel pea üles? Pane tähele, et sõna ""pöörata"" tähendab siin ""pöörata tagurpidi"". ";Jah, jah ;A
"Raha on pea üles. Emely viskab mündi. Chelsea ei viska münti. Vladimir viskab mündi. Tyrone ei viska münti. Kas münt on ikka veel pea üles? Pane tähele, et sõna ""pöörata"" tähendab siin ""pöörata tagurpidi"". ";Jah, jah ;A
"Raha on pea üles. Bill viskab mündi. Santos ei viska münti. Roxy viskab mündi. Randi viskab mündi. Kas münt on ikka veel pea üles? Pane tähele, et sõna ""pöörata"" tähendab siin ""pöörata tagurpidi"". ";ei ole ;B
"Raha on pea üles. Daphne ei viska münti. Lola viskab mündi. Joanna ei viska münti. Sheena ei viska münti. Kas münt on ikka veel pea üles? Pane tähele, et sõna ""pöörata"" tähendab siin ""pöörata tagurpidi"". ";ei ole ;B
"Raha on pea üles. Lara ei viska münti. Greg ei viska münti. Ethan viskab mündi. Terrence viskab mündi. Kas münt on ikka veel pea üles? Pane tähele, et sõna ""pöörata"" tähendab siin ""pöörata tagurpidi"". ";Jah, jah ;A
"Raha on pea üles. Otto ei viska münti. Marjorie viskab mündi. Leonor viskab mündi. Esther viskab mündi. Kas münt on ikka veel pea üles? Pane tähele, et sõna ""pöörata"" tähendab siin ""pöörata tagurpidi"". ";ei ole ;B
"Raha on pea üles. Malcolm viskab mündi. Hussein ei viska münti. Franco viskab mündi. Hugo ei viska münti. Kas münt on ikka veel pea üles? Pane tähele, et sõna ""pöörata"" tähendab siin ""pöörata tagurpidi"". ";Jah, jah ;A
"Raha on pea üles. Joyce viskab mündi. Leroy viskab mündi. Alyssa ei viska münti. Maggie ei viska münti. Kas münt on ikka veel pea üles? Pane tähele, et sõna ""pöörata"" tähendab siin ""pöörata tagurpidi"". ";Jah, jah ;A
"Raha on pea üles. Maryam ei viska münti. Susy ei viska münti. Kolmainsus viskab mündi. Pearl viskab mündi. Kas münt on ikka veel pea üles? Pane tähele, et sõna ""pöörata"" tähendab siin ""pöörata tagurpidi"". ";Jah, jah ;A
"Raha on pea üles. Dustin viskab mündi. Luiz ei viska münti. Rolando viskab mündi. Connor ei viska münti. Kas münt on ikka veel pea üles? Pane tähele, et sõna ""pöörata"" tähendab siin ""pöörata tagurpidi"". ";Jah, jah ;A
"Raha on pea üles. Juan Manuel viskab mündi. Benjamin viskab mündi. Rory ei viska münti. Rafael viskab mündi. Kas münt on ikka veel pea üles? Pane tähele, et sõna ""pöörata"" tähendab siin ""pöörata tagurpidi"". ";ei ole ;B
"Raha on pea üles. Fermin ei viska münti. Berenice ei viska münti. Marianne ei viska münti. Eleanor viskab mündi. Kas münt on ikka veel pea üles? Pane tähele, et sõna ""pöörata"" tähendab siin ""pöörata tagurpidi"". ";ei ole ;B
"Raha on pea üles. Sabrina viskab mündi. Pete ei viska münti. Mary ei viska münti. La viskab mündi. Kas münt on ikka veel pea üles? Pane tähele, et sõna ""pöörata"" tähendab siin ""pöörata tagurpidi"". ";Jah, jah ;A
"Raha on pea üles. Estrella ei viska münti. Madison ei viska münti. Paco ei viska münti. RJ viskab mündi. Kas münt on ikka veel pea üles? Pane tähele, et sõna ""pöörata"" tähendab siin ""pöörata tagurpidi"". ";ei ole ;B
"Raha on pea üles. Niki viskab mündi. Graham viskab mündi. Vernon viskab mündi. Beau viskab mündi. Kas münt on ikka veel pea üles? Pane tähele, et sõna ""pöörata"" tähendab siin ""pöörata tagurpidi"". ";Jah, jah ;A
"Raha on pea üles. Bernie ei viska münti. Melina ei viska münti. Kelsey ei viska münti. Rusty viskab mündi. Kas münt on ikka veel pea üles? Pane tähele, et sõna ""pöörata"" tähendab siin ""pöörata tagurpidi"". ";ei ole ;B
"Raha on pea üles. Latoya viskab mündi. Eliseo ei viska münti. Trina viskab mündi. Melisa ei viska münti. Kas münt on ikka veel pea üles? Pane tähele, et sõna ""pöörata"" tähendab siin ""pöörata tagurpidi"". ";Jah, jah ;A
"Raha on pea üles. Wesley ei viska münti. Marcelo ei viska münti. Rodolfo viskab mündi. Erick ei viska münti. Kas münt on ikka veel pea üles? Pane tähele, et sõna ""pöörata"" tähendab siin ""pöörata tagurpidi"". ";ei ole ;B
"Raha on pea üles. Sean ei viska münti. Rebeca viskab mündi. Marco viskab mündi. Sami viskab mündi. Kas münt on ikka veel pea üles? Pane tähele, et sõna ""pöörata"" tähendab siin ""pöörata tagurpidi"". ";ei ole ;B
"Raha on pea üles. Blanca ei viska münti. Monika ei viska münti. Ervin ei viska münti. Lori viskab mündi. Kas münt on ikka veel pea üles? Pane tähele, et sõna ""pöörata"" tähendab siin ""pöörata tagurpidi"". ";ei ole ;B
"Raha on pea üles. Lorraine viskab mündi. Corinne viskab mündi. Kate viskab mündi. Floyd viskab mündi. Kas münt on ikka veel pea üles? Pane tähele, et sõna ""pöörata"" tähendab siin ""pöörata tagurpidi"". ";Jah, jah ;A
"Raha on pea üles. Bruce viskab mündi. Dena viskab mündi. Kyla viskab mündi. Robbie viskab mündi. Kas münt on ikka veel pea üles? Pane tähele, et sõna ""pöörata"" tähendab siin ""pöörata tagurpidi"". ";Jah, jah ;A
"Raha on pea üles. Gee ei viska münti. Joseluis viskab mündi. Cory ei viska münti. Stefanie viskab mündi. Kas münt on ikka veel pea üles? Pane tähele, et sõna ""pöörata"" tähendab siin ""pöörata tagurpidi"". ";Jah, jah ;A
"Raha on pea üles. Kristen viskab mündi. Herbert viskab mündi. Benny ei viska münti. El ei viska münti. Kas münt on ikka veel pea üles? Pane tähele, et sõna ""pöörata"" tähendab siin ""pöörata tagurpidi"". ";Jah, jah ;A
"Raha on pea üles. Justin ei viska münti. Neal ei viska münti. Jt ei viska münti. Lucia viskab mündi. Kas münt on ikka veel pea üles? Pane tähele, et sõna ""pöörata"" tähendab siin ""pöörata tagurpidi"". ";ei ole ;B
"Raha on pea üles. Carmelo viskab mündi. Tony viskab mündi. Susan viskab mündi. Sara ei viska münti. Kas münt on ikka veel pea üles? Pane tähele, et sõna ""pöörata"" tähendab siin ""pöörata tagurpidi"". ";ei ole ;B
"Raha on pea üles. Boris ei viska münti. Sabina viskab mündi. Kaitlyn ei viska münti. Cameron ei viska münti. Kas münt on ikka veel pea üles? Pane tähele, et sõna ""pöörata"" tähendab siin ""pöörata tagurpidi"". ";ei ole ;B
"Raha on pea üles. Elizabeth viskab mündi. Mitch viskab mündi. Brooke viskab mündi. Jordyn ei viska münti. Kas münt on ikka veel pea üles? Pane tähele, et sõna ""pöörata"" tähendab siin ""pöörata tagurpidi"". ";ei ole ;B
"Raha on pea üles. Delia viskab mündi. Kathleen ei viska münti. Mateo viskab mündi. Marvin ei viska münti. Kas münt on ikka veel pea üles? Pane tähele, et sõna ""pöörata"" tähendab siin ""pöörata tagurpidi"". ";Jah, jah ;A
"Raha on pea üles. BJ viskab mündi. Rigo ei viska münti. Nigel viskab mündi. Christian viskab mündi. Kas münt on ikka veel pea üles? Pane tähele, et sõna ""pöörata"" tähendab siin ""pöörata tagurpidi"". ";ei ole ;B
"Raha on pea üles. Kathy ei viska münti. Elsa viskab mündi. Alba viskab mündi. Ivette viskab mündi. Kas münt on ikka veel pea üles? Pane tähele, et sõna ""pöörata"" tähendab siin ""pöörata tagurpidi"". ";ei ole ;B
"Raha on pea üles. Cruz ei viska münti. Wilber viskab mündi. Marilu viskab mündi. Malik viskab mündi. Kas münt on ikka veel pea üles? Pane tähele, et sõna ""pöörata"" tähendab siin ""pöörata tagurpidi"". ";ei ole ;B
"Raha on pea üles. Sherry ei viska münti. Ben viskab mündi. Allison ei viska münti. Anthony viskab mündi. Kas münt on ikka veel pea üles? Pane tähele, et sõna ""pöörata"" tähendab siin ""pöörata tagurpidi"". ";Jah, jah ;A
"Raha on pea üles. Seth viskab mündi. Dario viskab mündi. Anne viskab mündi. Jodie viskab mündi. Kas münt on ikka veel pea üles? Pane tähele, et sõna ""pöörata"" tähendab siin ""pöörata tagurpidi"". ";Jah, jah ;A
"Raha on pea üles. Leon ei viska münti. Payton viskab mündi. Stefan viskab mündi. Javi viskab mündi. Kas münt on ikka veel pea üles? Pane tähele, et sõna ""pöörata"" tähendab siin ""pöörata tagurpidi"". ";ei ole ;B
"Raha on pea üles. Marcos ei viska münti. Kerri viskab mündi. Fabio viskab mündi. Stephen viskab mündi. Kas münt on ikka veel pea üles? Pane tähele, et sõna ""pöörata"" tähendab siin ""pöörata tagurpidi"". ";ei ole ;B
"Raha on pea üles. Earl viskab mündi. Rudy ei viska münti. Harrison viskab mündi. Nadine ei viska münti. Kas münt on ikka veel pea üles? Pane tähele, et sõna ""pöörata"" tähendab siin ""pöörata tagurpidi"". ";Jah, jah ;A
"Raha on pea üles. Andres ei viska münti. Mary Ann ei viska münti. Sydney viskab mündi. Dina ei viska münti. Kas münt on ikka veel pea üles? Pane tähele, et sõna ""pöörata"" tähendab siin ""pöörata tagurpidi"". ";ei ole ;B
"Raha on pea üles. Rohan viskab mündi. Antoinette ei viska münti. Nikki viskab mündi. Aida ei viska münti. Kas münt on ikka veel pea üles? Pane tähele, et sõna ""pöörata"" tähendab siin ""pöörata tagurpidi"". ";Jah, jah ;A
"Raha on pea üles. Braulio viskab mündi. Staci ei viska münti. Jocelyn ei viska münti. Brittany viskab mündi. Kas münt on ikka veel pea üles? Pane tähele, et sõna ""pöörata"" tähendab siin ""pöörata tagurpidi"". ";Jah, jah ;A
"Raha on pea üles. Clayton ei viska münti. Edison viskab mündi. Debbie viskab mündi. Elvira ei viska münti. Kas münt on ikka veel pea üles? Pane tähele, et sõna ""pöörata"" tähendab siin ""pöörata tagurpidi"". ";Jah, jah ;A
"Raha on pea üles. Britt ei viska münti. Tamara ei viska münti. Elvis viskab mündi. Nayeli ei viska münti. Kas münt on ikka veel pea üles? Pane tähele, et sõna ""pöörata"" tähendab siin ""pöörata tagurpidi"". ";ei ole ;B
"Raha on pea üles. Cristina viskab mündi. Saad ei viska münti. Bridget ei viska münti. Katie viskab mündi. Kas münt on ikka veel pea üles? Pane tähele, et sõna ""pöörata"" tähendab siin ""pöörata tagurpidi"". ";Jah, jah ;A
"Raha on pea üles. Stella ei viska münti. Janis viskab mündi. Darren viskab mündi. Lena ei viska münti. Kas münt on ikka veel pea üles? Pane tähele, et sõna ""pöörata"" tähendab siin ""pöörata tagurpidi"". ";Jah, jah ;A
"Raha on pea üles. Charles ei viska münti. Emilio ei viska münti. Vivek viskab mündi. Steve viskab mündi. Kas münt on ikka veel pea üles? Pane tähele, et sõna ""pöörata"" tähendab siin ""pöörata tagurpidi"". ";Jah, jah ;A
"Raha on pea üles. Sal ei viska münti. Scott viskab mündi. Myrna viskab mündi. Maximo viskab mündi. Kas münt on ikka veel pea üles? Pane tähele, et sõna ""pöörata"" tähendab siin ""pöörata tagurpidi"". ";ei ole ;B
"Raha on pea üles. Mia ei viska münti. Kunst ei viska münti. Samantha viskab mündi. Lety viskab mündi. Kas münt on ikka veel pea üles? Pane tähele, et sõna ""pöörata"" tähendab siin ""pöörata tagurpidi"". ";Jah, jah ;A
"Raha on pea üles. Miguel Angel viskab mündi. Saul ei viska münti. Brady ei viska münti. Darryl viskab mündi. Kas münt on ikka veel pea üles? Pane tähele, et sõna ""pöörata"" tähendab siin ""pöörata tagurpidi"". ";Jah, jah ;A
"Raha on pea üles. Maria Elena viskab mündi. Dewayne ei viska münti. MJ ei viska münti. Elliott viskab mündi. Kas münt on ikka veel pea üles? Pane tähele, et sõna ""pöörata"" tähendab siin ""pöörata tagurpidi"". ";Jah, jah ;A
"Raha on pea üles. Antoine ei viska münti. Javier viskab mündi. Brett viskab mündi. Stewart ei viska münti. Kas münt on ikka veel pea üles? Pane tähele, et sõna ""pöörata"" tähendab siin ""pöörata tagurpidi"". ";Jah, jah ;A
"Raha on pea üles. Amanda viskab mündi. Geoff ei viska münti. Belinda viskab mündi. Gaurav ei viska münti. Kas münt on ikka veel pea üles? Pane tähele, et sõna ""pöörata"" tähendab siin ""pöörata tagurpidi"". ";Jah, jah ;A
"Raha on pea üles. Krishna viskab mündi. Catalina ei viska münti. Eileen ei viska münti. Teddy viskab mündi. Kas münt on ikka veel pea üles? Pane tähele, et sõna ""pöörata"" tähendab siin ""pöörata tagurpidi"". ";Jah, jah ;A
"Raha on pea üles. Maria viskab mündi. Fredy viskab mündi. Bridgette viskab mündi. Keenia ei viska münti. Kas münt on ikka veel pea üles? Pane tähele, et sõna ""pöörata"" tähendab siin ""pöörata tagurpidi"". ";ei ole ;B
"Raha on pea üles. Neil viskab mündi. Dani ei viska münti. Eddie viskab mündi. Marcelino ei viska münti. Kas münt on ikka veel pea üles? Pane tähele, et sõna ""pöörata"" tähendab siin ""pöörata tagurpidi"". ";Jah, jah ;A
"Raha on pea üles. Alain viskab mündi. Jerome ei viska münti. Kristina ei viska münti. Ida ei viska münti. Kas münt on ikka veel pea üles? Pane tähele, et sõna ""pöörata"" tähendab siin ""pöörata tagurpidi"". ";ei ole ;B
"Raha on pea üles. Drew viskab mündi. Jhon ei viska münti. Jayden viskab mündi. Cliff ei viska münti. Kas münt on ikka veel pea üles? Pane tähele, et sõna ""pöörata"" tähendab siin ""pöörata tagurpidi"". ";Jah, jah ;A
"Raha on pea üles. Trish viskab mündi. Vero viskab mündi. Victor ei viska münti. Clemente viskab mündi. Kas münt on ikka veel pea üles? Pane tähele, et sõna ""pöörata"" tähendab siin ""pöörata tagurpidi"". ";ei ole ;B
"Raha on pea üles. Antonio ei viska münti. Ronald ei viska münti. Ken ei viska münti. Rachael ei viska münti. Kas münt on ikka veel pea üles? Pane tähele, et sõna ""pöörata"" tähendab siin ""pöörata tagurpidi"". ";Jah, jah ;A
"Raha on pea üles. Juliet viskab mündi. Ricardo ei viska münti. Tita ei viska münti. Dianna viskab mündi. Kas münt on ikka veel pea üles? Pane tähele, et sõna ""pöörata"" tähendab siin ""pöörata tagurpidi"". ";Jah, jah ;A
"Raha on pea üles. Larissa ei viska münti. Shawna ei viska münti. Alma viskab mündi. Paulette ei viska münti. Kas münt on ikka veel pea üles? Pane tähele, et sõna ""pöörata"" tähendab siin ""pöörata tagurpidi"". ";ei ole ;B
"Raha on pea üles. Donald ei viska münti. Lia viskab mündi. Gonzalo viskab mündi. Lily ei viska münti. Kas münt on ikka veel pea üles? Pane tähele, et sõna ""pöörata"" tähendab siin ""pöörata tagurpidi"". ";Jah, jah ;A
"Raha on pea üles. Evelyn ei viska münti. Mason ei viska münti. Shelby ei viska münti. Aldo viskab mündi. Kas münt on ikka veel pea üles? Pane tähele, et sõna ""pöörata"" tähendab siin ""pöörata tagurpidi"". ";ei ole ;B
"Raha on pea üles. Georgina viskab mündi. Joshua viskab mündi. Lindsey ei viska münti. César viskab mündi. Kas münt on ikka veel pea üles? Pane tähele, et sõna ""pöörata"" tähendab siin ""pöörata tagurpidi"". ";ei ole ;B
"Raha on pea üles. Kuningas viskab mündi. Edith ei viska münti. Traci viskab mündi. Flor viskab mündi. Kas münt on ikka veel pea üles? Pane tähele, et sõna ""pöörata"" tähendab siin ""pöörata tagurpidi"". ";ei ole ;B
"Raha on pea üles. Courtney ei viska münti. Ann viskab mündi. John viskab mündi. Fer viskab mündi. Kas münt on ikka veel pea üles? Pane tähele, et sõna ""pöörata"" tähendab siin ""pöörata tagurpidi"". ";ei ole ;B
"Raha on pea üles. Debby ei viska münti. Geoffrey ei viska münti. Alana ei viska münti. Silvestre ei viska münti. Kas münt on ikka veel pea üles? Pane tähele, et sõna ""pöörata"" tähendab siin ""pöörata tagurpidi"". ";Jah, jah ;A
"Raha on pea üles. Stevie ei viska münti. Julie viskab mündi. Leonard ei viska münti. Karina viskab mündi. Kas münt on ikka veel pea üles? Pane tähele, et sõna ""pöörata"" tähendab siin ""pöörata tagurpidi"". ";Jah, jah ;A
"Raha on pea üles. Juana ei viska münti. Chipi ei ole vaja. Lila ei viska münti. Jayme ei viska münti. Kas münt on ikka veel pea üles? Pane tähele, et sõna ""pöörata"" tähendab siin ""pöörata tagurpidi"". ";Jah, jah ;A
"Raha on pea üles. Jon viskab mündi. Heath viskab mündi. Reynaldo viskab mündi. Catherine ei viska münti. Kas münt on ikka veel pea üles? Pane tähele, et sõna ""pöörata"" tähendab siin ""pöörata tagurpidi"". ";ei ole ;B
"Raha on pea üles. Beatrice viskab mündi. Taylor viskab mündi. Juan Carlos ei viska münti. Kaitlin ei viska münti. Kas münt on ikka veel pea üles? Pane tähele, et sõna ""pöörata"" tähendab siin ""pöörata tagurpidi"". ";Jah, jah ;A
"Raha on pea üles. Christina ei viska münti. Edna viskab mündi. Ileana viskab mündi. Lynette viskab mündi. Kas münt on ikka veel pea üles? Pane tähele, et sõna ""pöörata"" tähendab siin ""pöörata tagurpidi"". ";ei ole ;B
"Raha on pea üles. Eugenia viskab mündi. Kellie viskab mündi. Quentin viskab mündi. Mike ei viska münti. Kas münt on ikka veel pea üles? Pane tähele, et sõna ""pöörata"" tähendab siin ""pöörata tagurpidi"". ";ei ole ;B
"Raha on pea üles. Yasmin viskab mündi. Yesenia viskab mündi. Carmela viskab mündi. Susie viskab mündi. Kas münt on ikka veel pea üles? Pane tähele, et sõna ""pöörata"" tähendab siin ""pöörata tagurpidi"". ";Jah, jah ;A
"Raha on pea üles. Oswaldo ei viska münti. José Luis viskab mündi. Sheldon ei viska münti. Tara viskab mündi. Kas münt on ikka veel pea üles? Pane tähele, et sõna ""pöörata"" tähendab siin ""pöörata tagurpidi"". ";Jah, jah ;A
"Raha on pea üles. Debora ei viska münti. Jayson ei viska münti. Donna viskab mündi. Sai ei viska münti. Kas münt on ikka veel pea üles? Pane tähele, et sõna ""pöörata"" tähendab siin ""pöörata tagurpidi"". ";ei ole ;B
"Raha on pea üles. Jermaine viskab mündi. Pat ei viska münti. Tammie viskab mündi. Olivia viskab mündi. Kas münt on ikka veel pea üles? Pane tähele, et sõna ""pöörata"" tähendab siin ""pöörata tagurpidi"". ";ei ole ;B
"Raha on pea üles. Sunny ei viska münti. Trisha viskab mündi. Paul viskab mündi. Ta ei viska münti. Kas münt on ikka veel pea üles? Pane tähele, et sõna ""pöörata"" tähendab siin ""pöörata tagurpidi"". ";Jah, jah ;A
"Raha on pea üles. Martha viskab mündi. Elijah viskab mündi. Dominic viskab mündi. Tonya viskab mündi. Kas münt on ikka veel pea üles? Pane tähele, et sõna ""pöörata"" tähendab siin ""pöörata tagurpidi"". ";Jah, jah ;A
"Raha on pea üles. Theo viskab mündi. Sheila viskab mündi. Mariana ei viska münti. Esmeralda viskab mündi. Kas münt on ikka veel pea üles? Pane tähele, et sõna ""pöörata"" tähendab siin ""pöörata tagurpidi"". ";ei ole ;B
"Raha on pea üles. Cristal viskab mündi. Roxana viskab mündi. Rajesh ei viska münti. Danny ei viska münti. Kas münt on ikka veel pea üles? Pane tähele, et sõna ""pöörata"" tähendab siin ""pöörata tagurpidi"". ";Jah, jah ;A
"Raha on pea üles. Geovanny ei viska münti. Tom viskab mündi. Katelyn viskab mündi. Jennifer viskab mündi. Kas münt on ikka veel pea üles? Pane tähele, et sõna ""pöörata"" tähendab siin ""pöörata tagurpidi"". ";ei ole ;B
"Raha on pea üles. Buddy viskab mündi. Violet ei viska münti. Johana viskab mündi. Tina ei viska münti. Kas münt on ikka veel pea üles? Pane tähele, et sõna ""pöörata"" tähendab siin ""pöörata tagurpidi"". ";Jah, jah ;A
"Raha on pea üles. Jeremiah viskab mündi. Kelley ei viska münti. Josue ei viska münti. Veronica ei viska münti. Kas münt on ikka veel pea üles? Pane tähele, et sõna ""pöörata"" tähendab siin ""pöörata tagurpidi"". ";ei ole ;B
"Raha on pea üles. Cassie viskab mündi. Clifton viskab mündi. Erik ei viska münti. Everardo ei viska münti. Kas münt on ikka veel pea üles? Pane tähele, et sõna ""pöörata"" tähendab siin ""pöörata tagurpidi"". ";Jah, jah ;A
"Raha on pea üles. Pauline ei viska münti. Kerry ei viska münti. Jeannette viskab mündi. Lootus viskab mündi. Kas münt on ikka veel pea üles? Pane tähele, et sõna ""pöörata"" tähendab siin ""pöörata tagurpidi"". ";Jah, jah ;A
"Raha on pea üles. Brooklyn viskab mündi. Dawn ei viska münti. Tay viskab mündi. Gene viskab mündi. Kas münt on ikka veel pea üles? Pane tähele, et sõna ""pöörata"" tähendab siin ""pöörata tagurpidi"". ";ei ole ;B
"Raha on pea üles. Chloe ei viska münti. Flaco ei viska münti. Theodore ei viska münti. Nathalie ei viska münti. Kas münt on ikka veel pea üles? Pane tähele, et sõna ""pöörata"" tähendab siin ""pöörata tagurpidi"". ";Jah, jah ;A
"Raha on pea üles. Nichole ei viska münti. Heriberto ei viska münti. Darian viskab mündi. Peetrus ei viska münti. Kas münt on ikka veel pea üles? Pane tähele, et sõna ""pöörata"" tähendab siin ""pöörata tagurpidi"". ";ei ole ;B
"Raha on pea üles. Janette ei viska münti. Stacey viskab mündi. Ronny viskab mündi. Kim ei viska münti. Kas münt on ikka veel pea üles? Pane tähele, et sõna ""pöörata"" tähendab siin ""pöörata tagurpidi"". ";Jah, jah ;A
"Raha on pea üles. Jazmine ei viska münti. Carmen viskab mündi. Kitty ei viska münti. Nina ei viska münti. Kas münt on ikka veel pea üles? Pane tähele, et sõna ""pöörata"" tähendab siin ""pöörata tagurpidi"". ";ei ole ;B
"Raha on pea üles. Donovan ei viska münti. Lonnie ei viska münti. Jairo viskab mündi. Mariah viskab mündi. Kas münt on ikka veel pea üles? Pane tähele, et sõna ""pöörata"" tähendab siin ""pöörata tagurpidi"". ";Jah, jah ;A
"Raha on pea üles. Nidia ei viska münti. Rachelle ei viska münti. Lauren ei viska münti. Shelia ei viska münti. Kas münt on ikka veel pea üles? Pane tähele, et sõna ""pöörata"" tähendab siin ""pöörata tagurpidi"". ";Jah, jah ;A
"Raha on pea üles. Angela viskab mündi. Krista ei viska münti. Cora viskab mündi. Denisse viskab mündi. Kas münt on ikka veel pea üles? Pane tähele, et sõna ""pöörata"" tähendab siin ""pöörata tagurpidi"". ";ei ole ;B
"Raha on pea üles. Chandler ei viska münti. Martina ei viska münti. Leonardo viskab mündi. Gregg ei viska münti. Kas münt on ikka veel pea üles? Pane tähele, et sõna ""pöörata"" tähendab siin ""pöörata tagurpidi"". ";ei ole ;B
"Raha on pea üles. Agnes ei viska münti. Adrienne ei viska münti. Haley ei viska münti. Riley ei viska münti. Kas münt on ikka veel pea üles? Pane tähele, et sõna ""pöörata"" tähendab siin ""pöörata tagurpidi"". ";Jah, jah ;A
"Raha on pea üles. Albert ei viska münti. Felicia ei viska münti. Margo viskab mündi. Patty ei viska münti. Kas münt on ikka veel pea üles? Pane tähele, et sõna ""pöörata"" tähendab siin ""pöörata tagurpidi"". ";ei ole ;B
"Raha on pea üles. Noelia viskab mündi. Cassidy ei viska münti. Ashok viskab mündi. Francisco viskab mündi. Kas münt on ikka veel pea üles? Pane tähele, et sõna ""pöörata"" tähendab siin ""pöörata tagurpidi"". ";ei ole ;B
"Raha on pea üles. Charmaine ei viska münti. Ohver viskab mündi. Homero viskab mündi. Jeanine ei viska münti. Kas münt on ikka veel pea üles? Pane tähele, et sõna ""pöörata"" tähendab siin ""pöörata tagurpidi"". ";Jah, jah ;A
"Raha on pea üles. Glen ei viska münti. Ariana ei viska münti. Reggie viskab mündi. Polo viskab mündi. Kas münt on ikka veel pea üles? Pane tähele, et sõna ""pöörata"" tähendab siin ""pöörata tagurpidi"". ";Jah, jah ;A
"Raha on pea üles. Wilmer viskab mündi. Valerie ei viska münti. Melissa viskab mündi. Eloisa viskab mündi. Kas münt on ikka veel pea üles? Pane tähele, et sõna ""pöörata"" tähendab siin ""pöörata tagurpidi"". ";ei ole ;B
"Raha on pea üles. Marco Antonio viskab mündi. Suzette ei viska münti. Roland ei viska münti. Isabel ei viska münti. Kas münt on ikka veel pea üles? Pane tähele, et sõna ""pöörata"" tähendab siin ""pöörata tagurpidi"". ";ei ole ;B
"Raha on pea üles. Tim viskab mündi. Candace viskab mündi. Cecil ei viska münti. Misael viskab mündi. Kas münt on ikka veel pea üles? Pane tähele, et sõna ""pöörata"" tähendab siin ""pöörata tagurpidi"". ";ei ole ;B
"Raha on pea üles. Hailey viskab mündi. Avi viskab mündi. Bree ei viska münti. Samira viskab mündi. Kas münt on ikka veel pea üles? Pane tähele, et sõna ""pöörata"" tähendab siin ""pöörata tagurpidi"". ";ei ole ;B
"Raha on pea üles. Jason ei viska münti. Betty viskab mündi. Elisa viskab mündi. Jay ei viska münti. Kas münt on ikka veel pea üles? Pane tähele, et sõna ""pöörata"" tähendab siin ""pöörata tagurpidi"". ";Jah, jah ;A
"Raha on pea üles. Oscar ei viska münti. George ei viska münti. Sanjay viskab mündi. Haydee ei viska münti. Kas münt on ikka veel pea üles? Pane tähele, et sõna ""pöörata"" tähendab siin ""pöörata tagurpidi"". ";ei ole ;B
"Raha on pea üles. Andre ei viska münti. Oralia ei viska münti. Carrie viskab mündi. Bruno ei viska münti. Kas münt on ikka veel pea üles? Pane tähele, et sõna ""pöörata"" tähendab siin ""pöörata tagurpidi"". ";ei ole ;B
"Raha on pea üles. Leigh viskab mündi. Mindy viskab mündi. Rocky ei viska münti. Lex viskab mündi. Kas münt on ikka veel pea üles? Pane tähele, et sõna ""pöörata"" tähendab siin ""pöörata tagurpidi"". ";ei ole ;B
"Raha on pea üles. Jody ei viska münti. Juan ei viska münti. Rebekah viskab mündi. Kaylee viskab mündi. Kas münt on ikka veel pea üles? Pane tähele, et sõna ""pöörata"" tähendab siin ""pöörata tagurpidi"". ";Jah, jah ;A
"Raha on pea üles. Liliana ei viska münti. Quincy viskab mündi. Bart ei viska münti. Makayla viskab mündi. Kas münt on ikka veel pea üles? Pane tähele, et sõna ""pöörata"" tähendab siin ""pöörata tagurpidi"". ";Jah, jah ;A
"Raha on pea üles. Mya viskab mündi. Fernando viskab mündi. Bubba ei viska münti. Tommy ei viska münti. Kas münt on ikka veel pea üles? Pane tähele, et sõna ""pöörata"" tähendab siin ""pöörata tagurpidi"". ";Jah, jah ;A
"Raha on pea üles. Emanuel ei viska münti. Cheyenne ei viska münti. Perez viskab mündi. Yvette ei viska münti. Kas münt on ikka veel pea üles? Pane tähele, et sõna ""pöörata"" tähendab siin ""pöörata tagurpidi"". ";ei ole ;B
"Raha on pea üles. Len ei viska münti. Markis viskab mündi. Kylie viskab mündi. Sandra viskab mündi. Kas münt on ikka veel pea üles? Pane tähele, et sõna ""pöörata"" tähendab siin ""pöörata tagurpidi"". ";ei ole ;B
"Raha on pea üles. Rich viskab mündi. Parker ei viska münti. Edward viskab mündi. Milagros viskab mündi. Kas münt on ikka veel pea üles? Pane tähele, et sõna ""pöörata"" tähendab siin ""pöörata tagurpidi"". ";ei ole ;B
"Raha on pea üles. Marlen ei viska münti. Sonja ei viska münti. Anita ei viska münti. Dale ei viska münti. Kas münt on ikka veel pea üles? Pane tähele, et sõna ""pöörata"" tähendab siin ""pöörata tagurpidi"". ";Jah, jah ;A
